// MilkShape 3D ASCII

Frames: 30
Frame: 1

Meshes: 2
"FRAME" 1 0
8
33 -1.997122 1.989101 0.000000 0.072656 0.321875 -1
33 -1.992000 -2.000553 0.000000 0.072763 0.549547 -1
33 -0.893640 -0.874571 0.000000 0.095652 0.485292 -1
33 -0.893640 0.916325 0.000000 0.095652 0.383094 -1
33 0.888549 -0.870113 0.000000 0.132790 0.485038 -1
33 1.986202 -2.006420 0.000000 0.155664 0.549882 -1
33 0.893246 0.907096 0.000000 0.132888 0.383620 -1
33 1.991606 1.982771 0.000000 0.155777 0.322236 -1
1
0.000000 0.000000 1.000000
8
1 0 1 2 0 0 0 1
1 2 3 0 0 0 0 1
1 4 2 1 0 0 0 1
1 5 4 1 0 0 0 1
1 6 4 5 0 0 0 1
1 5 7 6 0 0 0 1
1 0 6 7 0 0 0 1
1 0 3 6 0 0 0 1
"ARROW" 0 0
4
32 -0.895858 0.915183 0.000000 0.540527 0.003480 -1
32 -0.898861 -0.875396 0.000000 0.540504 0.218468 -1
32 0.890379 0.905924 0.000000 0.553868 0.004591 -1
32 0.891505 -0.869778 0.000000 0.553876 0.217794 -1
1
0.000000 0.000000 1.000000
2
0 0 1 2 0 0 0 1
0 1 3 2 0 0 0 1

Materials: 1
"mipmap"
0.200000 0.200000 0.200000 1.000000
0.800000 0.800000 0.800000 1.000000
0.000000 0.000000 0.000000 1.000000
0.000000 0.000000 0.000000 1.000000
0.000000
1.000000
"textures/Tap Note parts (mipmaps).ini"
""

Bones: 0
GroupComments: 0
MaterialComments: 0
BoneComments: 0
ModelComment: 0
