// MilkShape 3D ASCII

Frames: 30
Frame: 1

Meshes: 5
"FRAME" 1 1
38
33 30.002598 0.617850 0.000000 0.791882 0.459471 -1
33 -0.005618 -26.791178 0.000000 0.750255 0.608578 -1
33 -0.027840 -29.346733 0.000000 0.750224 0.622481 -1
33 27.994381 1.142156 0.000000 0.789096 0.456618 -1
33 29.993954 7.349849 0.000000 0.791870 0.422848 -1
33 27.993954 6.772925 0.000000 0.789096 0.425987 -1
33 24.301645 13.022925 0.000000 0.783974 0.391986 -1
33 23.763184 11.061386 0.000000 0.783227 0.402657 -1
33 18.243954 11.061386 0.000000 0.775571 0.402657 -1
33 17.648163 13.022200 0.000000 0.774744 0.391990 -1
33 10.013184 5.349848 0.000000 0.764153 0.433728 -1
33 9.974722 2.753695 0.000000 0.764099 0.447852 -1
33 8.030727 1.064761 0.000000 0.761403 0.457040 -1
33 9.990581 1.061387 0.000000 0.764122 0.457058 -1
33 10.021238 30.995874 0.000000 0.764164 0.294211 -1
33 8.013638 29.083143 0.000000 0.761365 0.304728 -1
33 5.535640 30.998114 0.000000 0.757942 0.294199 -1
33 6.122902 29.083887 0.000000 0.758792 0.304641 -1
33 0.096712 25.507038 0.000000 0.750397 0.324071 -1
33 0.664677 23.577726 0.000000 0.751191 0.334616 -1
33 -0.111306 25.508442 0.000000 0.750108 0.324064 -1
33 -0.667777 23.577726 0.000000 0.749330 0.334616 -1
33 -5.617743 31.004734 0.000000 0.742470 0.294163 -1
33 -6.160087 29.080910 0.000000 0.741717 0.304629 -1
33 -10.020032 31.005335 0.000000 0.736363 0.294160 -1
33 -8.022920 29.078001 0.000000 0.739146 0.304894 -1
33 -10.021488 5.342156 0.000000 0.736361 0.433770 -1
33 -10.005615 1.078267 0.000000 0.736383 0.456966 -1
33 -8.027332 1.075489 0.000000 0.739127 0.456981 -1
33 -17.694506 13.031044 0.000000 0.725717 0.391942 -1
33 -18.250061 11.075489 0.000000 0.724946 0.402580 -1
33 -10.005615 2.808823 0.000000 0.736383 0.447552 -1
33 -24.361172 13.028207 0.000000 0.716469 0.391958 -1
33 -23.783394 11.075489 0.000000 0.717270 0.402580 -1
33 -29.983395 7.297711 0.000000 0.708670 0.423132 -1
33 -28.027840 6.786600 0.000000 0.711382 0.425913 -1
33 -29.983397 0.564378 0.000000 0.708670 0.459762 -1
33 -28.027840 1.186600 0.000000 0.711382 0.456376 -1
1
0.000000 0.000000 1.000000
39
1 0 1 2 0 0 0 1
1 1 0 3 0 0 0 1
1 4 3 0 0 0 0 1
1 3 4 5 0 0 0 1
1 6 5 4 0 0 0 1
1 6 7 5 0 0 0 1
1 7 6 8 0 0 0 1
1 9 8 6 0 0 0 1
1 8 9 10 0 0 0 1
1 8 10 11 0 0 0 1
1 12 13 11 0 0 0 1
1 12 11 10 0 0 0 1
1 14 15 12 0 0 0 1
1 14 12 10 0 0 0 1
1 15 14 16 0 0 0 1
1 17 15 16 0 0 0 1
1 18 17 16 0 0 0 1
1 17 18 19 0 0 0 1
1 19 18 20 0 0 0 1
1 19 20 21 0 0 0 1
1 22 23 21 0 0 0 1
1 22 21 20 0 0 0 1
1 23 22 24 0 0 0 1
1 23 24 25 0 0 0 1
1 26 25 24 0 0 0 1
1 26 27 28 0 0 0 1
1 26 28 25 0 0 0 1
1 29 30 26 0 0 0 1
1 31 26 30 0 0 0 1
1 30 29 32 0 0 0 1
1 32 33 30 0 0 0 1
1 34 35 32 0 0 0 1
1 33 32 35 0 0 0 1
1 35 34 36 0 0 0 1
1 35 36 37 0 0 0 1
1 1 37 36 0 0 0 1
1 1 37 36 0 0 0 1
1 36 2 1 0 0 0 1
1 26 27 28 0 0 0 1
"ARROW" 0 0
50
32 -0.018692 -26.836531 0.000000 0.000781 0.495034 -1
32 27.995420 1.121985 0.000000 0.000781 0.250886 -1
32 -0.032126 -20.595287 0.000000 0.000781 0.441337 -1
32 23.223688 2.590760 0.000000 0.000781 0.238714 -1
32 -28.035830 1.166492 0.000000 0.000781 0.251158 -1
32 -23.264685 2.614015 0.000000 0.000781 0.238509 -1
32 23.223688 4.753551 0.000000 0.000781 0.219811 -1
32 27.994473 6.819901 0.000000 0.000781 0.202548 -1
32 21.688805 6.241922 0.000000 0.000781 0.206805 -1
32 23.745420 11.072742 0.000000 0.000781 0.164588 -1
32 19.665550 6.265179 0.000000 0.000781 0.206603 -1
32 18.197412 11.070477 0.000000 0.000781 0.164860 -1
32 9.995420 2.853992 0.000000 0.000781 0.236412 -1
32 9.995420 1.041492 0.000000 0.000781 0.252252 -1
32 8.432991 -4.944124 0.000000 0.000781 0.304561 -1
32 5.828340 -4.967380 0.000000 0.000781 0.304763 -1
32 8.018677 1.041492 0.000000 0.000781 0.252252 -1
32 3.921364 7.102387 0.000000 0.000781 0.199284 -1
32 3.967875 -3.316217 0.000000 0.000781 0.290333 -1
32 1.851596 -8.990635 0.000000 0.000781 0.339923 -1
32 -0.032125 -7.199938 0.000000 0.000781 0.324274 -1
32 -1.869335 -8.944123 0.000000 0.000781 0.339517 -1
32 -5.776311 -5.013891 0.000000 0.000781 0.305170 -1
32 -4.008869 -3.223193 0.000000 0.000781 0.289520 -1
32 -8.450729 -4.944124 0.000000 0.000781 0.304561 -1
32 -8.035830 1.135242 0.000000 0.000781 0.251433 -1
32 -3.962357 7.125644 0.000000 0.000781 0.199082 -1
32 -9.973330 1.135242 0.000000 0.000781 0.251433 -1
32 -9.990087 2.820478 0.000000 0.000781 0.236959 -1
32 -19.683289 6.265177 0.000000 0.000781 0.206603 -1
32 -18.273602 11.087235 0.000000 0.000781 0.164588 -1
32 -21.729799 6.288433 0.000000 0.000781 0.206398 -1
32 -23.817080 11.084971 0.000000 0.000781 0.164860 -1
32 -23.264683 4.730293 0.000000 0.000781 0.220016 -1
32 -28.022438 6.791492 0.000000 0.000781 0.202001 -1
32 3.967875 10.707040 0.000000 0.000781 0.167784 -1
32 -0.032125 6.800063 0.000000 0.000781 0.201926 -1
32 1.851596 5.009365 0.000000 0.000781 0.217576 -1
32 -1.892590 5.009365 0.000000 0.000781 0.217576 -1
32 -4.008869 10.800063 0.000000 0.000781 0.166971 -1
32 8.013716 29.084822 0.000000 0.000781 0.007180 -1
32 3.921364 21.148899 0.000000 0.000781 0.076531 -1
32 6.127161 29.084263 0.000000 0.000781 0.007252 -1
32 -8.022285 29.076668 0.000000 0.000781 0.007371 -1
32 -3.987965 21.148899 0.000000 0.000781 0.076531 -1
32 -6.161110 29.079746 0.000000 0.000781 0.007424 -1
32 -0.668657 23.573828 0.000000 0.000781 0.055575 -1
32 -1.892590 19.032621 0.000000 0.000781 0.095026 -1
32 0.664257 23.577215 0.000000 0.000781 0.055232 -1
32 1.840360 19.034187 0.000000 0.000781 0.095011 -1
1
0.000000 0.000000 1.000000
54
0 0 1 2 0 0 0 1
0 3 2 1 0 0 0 1
0 4 0 5 0 0 0 1
0 2 5 0 0 0 0 1
0 6 3 1 0 0 0 1
0 1 7 6 0 0 0 1
0 8 6 7 0 0 0 1
0 7 9 8 0 0 0 1
0 10 8 9 0 0 0 1
0 9 11 10 0 0 0 1
0 12 13 10 0 0 0 1
0 11 12 10 0 0 0 1
0 14 10 13 0 0 0 1
0 15 14 13 0 0 0 1
0 13 16 15 0 0 0 1
0 17 18 15 0 0 0 1
0 17 15 16 0 0 0 1
0 18 19 15 0 0 0 1
0 18 20 19 0 0 0 1
0 20 21 19 0 0 0 1
0 20 22 21 0 0 0 1
0 20 23 22 0 0 0 1
0 24 22 25 0 0 0 1
0 22 23 26 0 0 0 1
0 25 22 26 0 0 0 1
0 25 27 24 0 0 0 1
0 27 28 29 0 0 0 1
0 27 29 24 0 0 0 1
0 28 30 29 0 0 0 1
0 31 29 30 0 0 0 1
0 30 32 31 0 0 0 1
0 33 31 32 0 0 0 1
0 32 34 33 0 0 0 1
0 5 33 34 0 0 0 1
0 34 4 5 0 0 0 1
0 35 17 16 0 0 0 1
0 36 37 17 0 0 0 1
0 35 36 17 0 0 0 1
0 36 38 37 0 0 0 1
0 39 26 38 0 0 0 1
0 38 36 39 0 0 0 1
0 25 26 39 0 0 0 1
0 35 16 40 0 0 0 1
0 41 35 40 0 0 0 1
0 40 42 41 0 0 0 1
0 43 25 39 0 0 0 1
0 43 39 44 0 0 0 1
0 45 43 44 0 0 0 1
0 46 45 47 0 0 0 1
0 45 44 47 0 0 0 1
0 48 46 49 0 0 0 1
0 46 47 49 0 0 0 1
0 42 49 41 0 0 0 1
0 42 48 49 0 0 0 1
"CENTER 3" 0 1
15
32 1.833209 -8.960762 0.000000 0.314453 0.009375 -1
32 -1.785791 -8.960762 0.000000 0.314453 0.009375 -1
32 -0.010830 -20.670576 0.000000 0.314453 0.009375 -1
32 5.797371 -4.954339 0.000000 0.314453 0.009375 -1
32 8.444429 -4.924927 0.000000 0.314453 0.009375 -1
32 19.655033 6.251544 0.000000 0.314453 0.009375 -1
32 21.679724 6.251544 0.000000 0.314453 0.009375 -1
32 23.233227 2.559922 0.000000 0.314453 0.009375 -1
32 23.223221 4.706805 0.000000 0.314453 0.009375 -1
32 -5.820273 -4.954338 0.000000 0.314453 0.009375 -1
32 -8.467332 -4.954338 0.000000 0.314453 0.009375 -1
32 -19.702627 6.280956 0.000000 0.314453 0.009375 -1
32 -21.673216 6.251544 0.000000 0.314453 0.009375 -1
32 -23.259771 4.664990 0.000000 0.314453 0.009375 -1
32 -23.260611 2.576754 0.000000 0.314453 0.009375 -1
1
0.000000 0.000000 1.000000
13
0 0 1 2 0 0 0 1
0 0 2 3 0 0 0 1
0 2 4 3 0 0 0 1
0 2 5 4 0 0 0 1
0 2 6 5 0 0 0 1
0 2 7 8 0 0 0 1
0 2 8 6 0 0 0 1
0 1 9 2 0 0 0 1
0 9 10 2 0 0 0 1
0 10 11 2 0 0 0 1
0 11 12 2 0 0 0 1
0 13 14 2 0 0 0 1
0 12 13 2 0 0 0 1
"CENTER 2" 0 1
7
32 -0.011669 -7.278746 0.000000 0.184375 0.006250 -1
32 1.826786 5.016250 0.000000 0.184375 0.006250 -1
32 -1.879096 5.045661 0.000000 0.184375 0.006250 -1
32 -4.011669 -3.278746 0.000000 0.184375 0.006250 -1
32 -3.981818 7.149261 0.000000 0.184375 0.006250 -1
32 4.004574 -3.337569 0.000000 0.184375 0.006250 -1
32 3.959797 7.149261 0.000000 0.184375 0.006250 -1
1
0.000000 0.000000 1.000000
5
0 0 1 2 0 0 0 1
0 3 0 2 0 0 0 1
0 4 3 2 0 0 0 1
0 5 6 1 0 0 0 1
0 0 5 1 0 0 0 1
"CENTER 1" 0 1
7
32 3.987920 21.195152 0.000000 0.052344 0.006250 -1
32 1.830563 19.064821 0.000000 0.052344 0.006250 -1
32 3.992724 10.745302 0.000000 0.052344 0.006250 -1
32 -0.007276 6.772329 0.000000 0.052344 0.006250 -1
32 -1.845113 19.069626 0.000000 0.052344 0.006250 -1
32 -4.007276 10.745302 0.000000 0.052344 0.006250 -1
32 -3.980248 21.150707 0.000000 0.052344 0.006250 -1
1
0.000000 0.000000 1.000000
5
0 0 1 2 0 0 0 1
0 1 3 2 0 0 0 1
0 3 1 4 0 0 0 1
0 4 5 3 0 0 0 1
0 5 4 6 0 0 0 1

Materials: 2
"colours"
0.200000 0.200000 0.200000 1.000000
0.800000 0.800000 0.800000 1.000000
0.000000 0.000000 0.000000 1.000000
0.000000 0.000000 0.000000 1.000000
125.000000
1.000000
"textures\colours.ini"
""
"frame"
0.200000 0.200000 0.200000 1.000000
0.800000 0.800000 0.800000 1.000000
0.000000 0.000000 0.000000 1.000000
0.000000 0.000000 0.000000 1.000000
125.000000
1.000000
"textures\frame.ini"
""

Bones: 0
GroupComments: 0
MaterialComments: 0
BoneComments: 0
ModelComment: 0
