// MilkShape 3D ASCII

Frames: 30
Frame: 1

Meshes: 3
"Border" 0 0
29
1 0.000000 24.000000 0.000000 0.091800 0.479988 -1
1 4.000000 28.000000 0.000000 0.092881 0.475881 -1
1 0.000000 27.000000 0.000000 0.091800 0.476703 -1
1 3.000000 30.000000 0.000000 0.092449 0.474238 -1
1 8.000000 28.000000 0.000000 0.093529 0.475881 -1
1 10.000000 30.000000 0.000000 0.093962 0.474238 -1
1 10.000000 12.000000 0.000000 0.093962 0.489024 -1
1 8.000000 10.000000 0.000000 0.093529 0.490667 -1
1 24.000000 10.000000 0.000000 0.096988 0.490667 -1
1 25.000000 12.000000 0.000000 0.097204 0.489024 -1
1 28.000000 6.000000 0.000000 0.097852 0.493953 -1
1 30.000000 7.000000 0.000000 0.098284 0.493132 -1
1 28.000000 0.000000 0.000000 0.097852 0.498882 -1
1 30.000000 -1.000000 0.000000 0.098284 0.498882 -1
1 0.000000 -28.000000 0.000000 0.091800 0.521883 -1
1 0.014907 -30.555906 0.000000 0.091800 0.523525 -1
1 -4.000000 28.000000 0.000000 0.090720 0.475881 -1
1 0.000000 24.000000 0.000000 0.091800 0.479988 -1
1 -3.000000 30.000000 0.000000 0.091152 0.474238 -1
1 -8.000000 28.000000 0.000000 0.090071 0.475881 -1
1 -10.000000 30.000000 0.000000 0.089639 0.474238 -1
1 -10.000000 12.000000 0.000000 0.089639 0.489024 -1
1 -8.000000 10.000000 0.000000 0.090071 0.490667 -1
1 -24.000000 10.000000 0.000000 0.086613 0.490667 -1
1 -25.000000 12.000000 0.000000 0.086396 0.489024 -1
1 -30.000000 7.000000 0.000000 0.085315 0.493132 -1
1 -28.000000 6.000000 0.000000 0.085748 0.493953 -1
1 -28.000000 0.000000 0.000000 0.085748 0.498882 -1
1 -30.000000 -0.900000 0.000000 0.085315 0.498882 -1
1
0.000000 0.000000 1.000000
28
1 0 1 2 0 0 0 1
1 2 1 3 0 0 0 1
1 1 4 3 0 0 0 1
1 4 5 3 0 0 0 1
1 5 4 6 0 0 0 1
1 7 6 4 0 0 0 1
1 6 7 8 0 0 0 1
1 6 8 9 0 0 0 1
1 8 10 11 0 0 0 1
1 11 9 8 0 0 0 1
1 11 10 12 0 0 0 1
1 12 13 11 0 0 0 1
1 14 15 13 0 0 0 1
1 13 12 14 0 0 0 1
1 2 16 17 0 0 0 1
1 18 16 2 0 0 0 1
1 18 19 16 0 0 0 1
1 18 20 19 0 0 0 1
1 21 19 20 0 0 0 1
1 19 21 22 0 0 0 1
1 23 22 21 0 0 0 1
1 24 23 21 0 0 0 1
1 25 26 23 0 0 0 1
1 23 24 25 0 0 0 1
1 27 26 25 0 0 0 1
1 25 28 27 0 0 0 1
1 28 15 14 0 0 0 1
1 14 27 28 0 0 0 1
"Inside" 0 0
73
0 0.000000 20.000000 0.000000 0.546472 0.072597 -1
0 3.000000 23.000000 0.000000 0.547008 0.045811 -1
0 0.000000 24.000000 0.000000 0.546472 0.045811 -1
0 4.000000 28.000000 0.000000 0.547365 0.001168 -1
0 4.000000 23.000000 0.000000 0.547186 0.045811 -1
0 8.000000 28.000000 0.000000 0.547901 0.001168 -1
0 4.000000 13.000000 0.000000 0.547186 0.135097 -1
0 8.000000 10.000000 0.000000 0.547901 0.161882 -1
0 0.000000 9.000000 0.000000 0.546472 0.170811 -1
0 4.000000 9.000000 0.000000 0.547186 0.170811 -1
0 0.000000 5.000000 0.000000 0.546472 0.206525 -1
0 8.000000 6.000000 0.000000 0.547901 0.197597 -1
0 24.000000 6.000000 0.000000 0.550758 0.197597 -1
0 24.000000 10.000000 0.000000 0.550758 0.161882 -1
0 28.000000 6.000000 0.000000 0.551472 0.197597 -1
0 26.000000 4.000000 0.000000 0.551115 0.215454 -1
0 26.000000 1.000000 0.000000 0.551115 0.242240 -1
0 28.000000 0.000000 0.000000 0.551472 0.251168 -1
0 11.000000 -1.000000 0.000000 0.548436 0.260097 -1
0 8.000000 -1.000000 0.000000 0.547901 0.260097 -1
0 6.000000 -6.000000 0.000000 0.547543 0.304740 -1
0 4.000000 -3.000000 0.000000 0.547186 0.277954 -1
0 20.000000 -1.000000 0.000000 0.550043 0.260097 -1
0 15.000000 -1.000000 0.000000 0.549151 0.260097 -1
0 8.000000 -8.000000 0.000000 0.547901 0.322597 -1
0 8.000000 -13.000000 0.000000 0.547901 0.367240 -1
0 9.000000 -16.000000 0.000000 0.548079 0.394025 -1
0 0.000000 -28.000000 0.000000 0.546472 0.501168 -1
0 22.000000 1.000000 0.000000 0.550401 0.242240 -1
0 23.000000 2.000000 0.000000 0.550579 0.233311 -1
0 23.000000 3.000000 0.000000 0.550579 0.224382 -1
0 22.000000 4.000000 0.000000 0.550401 0.215454 -1
0 10.000000 4.000000 0.000000 0.548258 0.215454 -1
0 10.000000 1.000000 0.000000 0.548258 0.242240 -1
0 6.000000 -16.000000 0.000000 0.547543 0.394025 -1
0 4.000000 -19.000000 0.000000 0.547186 0.420811 -1
0 0.000000 -23.000000 0.000000 0.546472 0.456525 -1
0 4.000000 -7.000000 0.000000 0.547186 0.313668 -1
0 0.000000 -11.000000 0.000000 0.546472 0.349382 -1
0 0.000000 -7.000000 0.000000 0.546472 0.313668 -1
0 -3.000000 23.000000 0.000000 0.545936 0.045811 -1
0 0.000000 20.000000 0.000000 0.546472 0.072597 -1
0 -4.000000 28.000000 0.000000 0.545579 0.001168 -1
0 -4.000000 23.000000 0.000000 0.545758 0.045811 -1
0 -8.000000 28.000000 0.000000 0.545043 0.001168 -1
0 -4.000000 13.000000 0.000000 0.545758 0.135097 -1
0 -8.000000 10.000000 0.000000 0.545043 0.161882 -1
0 -4.000000 9.000000 0.000000 0.545758 0.170811 -1
0 -8.000000 6.000000 0.000000 0.545043 0.197597 -1
0 -24.000000 10.000000 0.000000 0.542186 0.161882 -1
0 -24.000000 6.000000 0.000000 0.542186 0.197597 -1
0 -28.000000 6.000000 0.000000 0.541472 0.197597 -1
0 -26.000000 4.000000 0.000000 0.541829 0.215454 -1
0 -28.000000 0.000000 0.000000 0.541472 0.251168 -1
0 -26.000000 1.000000 0.000000 0.541829 0.242240 -1
0 -6.000000 -6.000000 0.000000 0.545401 0.304740 -1
0 -8.000000 -1.000000 0.000000 0.545043 0.260097 -1
0 -11.000000 -1.000000 0.000000 0.544508 0.260097 -1
0 -4.000000 -3.000000 0.000000 0.545758 0.277954 -1
0 -8.000000 -8.000000 0.000000 0.545043 0.322597 -1
0 -15.000000 -1.000000 0.000000 0.543793 0.260097 -1
0 -20.000000 -1.000000 0.000000 0.542901 0.260097 -1
0 -8.000000 -13.000000 0.000000 0.545043 0.367240 -1
0 -9.000000 -16.000000 0.000000 0.544865 0.394025 -1
0 -23.000000 3.000000 0.000000 0.542365 0.224382 -1
0 -23.000000 2.000000 0.000000 0.542365 0.233311 -1
0 -22.000000 1.000000 0.000000 0.542543 0.242240 -1
0 -22.000000 4.000000 0.000000 0.542543 0.215454 -1
0 -10.000000 4.000000 0.000000 0.544686 0.215454 -1
0 -10.000000 1.000000 0.000000 0.544686 0.242240 -1
0 -4.000000 -19.000000 0.000000 0.545758 0.420811 -1
0 -6.000000 -16.000000 0.000000 0.545401 0.394025 -1
0 -4.000000 -7.000000 0.000000 0.545758 0.313668 -1
1
0.000000 0.000000 1.000000
72
0 0 1 2 0 0 0 1
0 1 3 2 0 0 0 1
0 4 3 1 0 0 0 1
0 5 3 4 0 0 0 1
0 6 5 4 0 0 0 1
0 6 7 5 0 0 0 1
0 8 7 6 0 0 0 1
0 8 9 7 0 0 0 1
0 8 10 9 0 0 0 1
0 9 11 7 0 0 0 1
0 11 12 13 0 0 0 1
0 13 7 11 0 0 0 1
0 13 12 14 0 0 0 1
0 12 15 14 0 0 0 1
0 15 16 17 0 0 0 1
0 17 14 15 0 0 0 1
0 18 19 20 0 0 0 1
0 19 21 20 0 0 0 1
0 21 19 11 0 0 0 1
0 11 9 21 0 0 0 1
0 22 23 24 0 0 0 1
0 24 25 22 0 0 0 1
0 26 27 17 0 0 0 1
0 26 17 16 0 0 0 1
0 28 29 30 0 0 0 1
0 30 31 28 0 0 0 1
0 28 31 32 0 0 0 1
0 32 33 28 0 0 0 1
0 26 34 35 0 0 0 1
0 36 27 35 0 0 0 1
0 35 34 37 0 0 0 1
0 37 34 20 0 0 0 1
0 21 37 20 0 0 0 1
0 38 37 39 0 0 0 1
0 39 37 21 0 0 0 1
0 2 40 41 0 0 0 1
0 2 42 40 0 0 0 1
0 40 42 43 0 0 0 1
0 43 42 44 0 0 0 1
0 43 44 45 0 0 0 1
0 44 46 45 0 0 0 1
0 45 46 8 0 0 0 1
0 46 47 8 0 0 0 1
0 47 10 8 0 0 0 1
0 46 48 47 0 0 0 1
0 49 50 48 0 0 0 1
0 48 46 49 0 0 0 1
0 51 50 49 0 0 0 1
0 51 52 50 0 0 0 1
0 53 54 52 0 0 0 1
0 52 51 53 0 0 0 1
0 55 56 57 0 0 0 1
0 55 58 56 0 0 0 1
0 48 56 58 0 0 0 1
0 58 47 48 0 0 0 1
0 59 60 61 0 0 0 1
0 61 62 59 0 0 0 1
0 53 27 63 0 0 0 1
0 54 53 63 0 0 0 1
0 64 65 66 0 0 0 1
0 66 67 64 0 0 0 1
0 68 67 66 0 0 0 1
0 66 69 68 0 0 0 1
0 70 71 63 0 0 0 1
0 70 27 36 0 0 0 1
0 72 71 70 0 0 0 1
0 55 71 72 0 0 0 1
0 55 72 58 0 0 0 1
0 39 72 38 0 0 0 1
0 58 72 39 0 0 0 1
0 35 27 26 0 0 0 1
0 63 27 70 0 0 0 1
"Stages" 0 0
59
0 0.000000 9.000000 0.000000 0.501963 0.000703 -1
0 4.000000 13.000000 0.000000 0.501953 0.000702 -1
0 0.000000 20.000000 0.000000 0.501533 0.000695 -1
0 3.000000 23.000000 0.000000 0.501532 0.000695 -1
0 4.000000 23.000000 0.000000 0.501532 0.000695 -1
0 -4.000000 13.000000 0.000000 0.501954 0.000703 -1
0 -0.000000 9.000000 0.000000 0.501963 0.000703 -1
0 -3.000000 23.000000 0.000000 0.501532 0.000695 -1
0 -4.000000 23.000000 0.000000 0.501532 0.000695 -1
0 0.000000 5.000000 0.000000 0.510783 0.000772 -1
0 0.000000 -7.000000 0.000000 0.511384 0.000776 -1
0 4.000000 -3.000000 0.000000 0.511396 0.000776 -1
0 4.000000 9.000000 0.000000 0.510779 0.000771 -1
0 -4.000000 -3.000000 0.000000 0.511396 0.000777 -1
0 -4.000000 9.000000 0.000000 0.510780 0.000772 -1
0 0.000000 -11.000000 0.000000 0.520381 0.000370 -1
0 0.000000 -23.000000 0.000000 0.520723 0.000372 -1
0 4.000000 -19.000000 0.000000 0.520609 0.000372 -1
0 4.000000 -7.000000 0.000000 0.520268 0.000369 -1
0 -4.000000 -19.000000 0.000000 0.520608 0.000372 -1
0 -4.000000 -7.000000 0.000000 0.520267 0.000370 -1
0 6.000000 -16.000000 0.000000 0.520523 0.000371 -1
0 9.000000 -16.000000 0.000000 0.520523 0.000371 -1
0 8.000000 -13.000000 0.000000 0.520438 0.000371 -1
0 8.000000 -8.000000 0.000000 0.520296 0.000369 -1
0 6.000000 -6.000000 0.000000 0.520239 0.000369 -1
0 15.000000 -1.000000 0.000000 0.520096 0.000368 -1
0 11.000000 -1.000000 0.000000 0.520096 0.000368 -1
0 20.000000 -1.000000 0.000000 0.520096 0.000368 -1
0 26.000000 1.000000 0.000000 0.520040 0.000366 -1
0 22.000000 1.000000 0.000000 0.520040 0.000367 -1
0 23.000000 2.000000 0.000000 0.520011 0.000367 -1
0 26.000000 4.000000 0.000000 0.519954 0.000366 -1
0 23.000000 3.000000 0.000000 0.519982 0.000367 -1
0 24.000000 6.000000 0.000000 0.519897 0.000366 -1
0 22.000000 4.000000 0.000000 0.519954 0.000366 -1
0 8.000000 6.000000 0.000000 0.519897 0.000366 -1
0 10.000000 4.000000 0.000000 0.519954 0.000367 -1
0 8.000000 -1.000000 0.000000 0.520096 0.000368 -1
0 10.000000 1.000000 0.000000 0.520040 0.000367 -1
0 -8.000000 -13.000000 0.000000 0.520438 0.000371 -1
0 -9.000000 -16.000000 0.000000 0.520524 0.000372 -1
0 -6.000000 -16.000000 0.000000 0.520524 0.000372 -1
0 -6.000000 -6.000000 0.000000 0.520238 0.000369 -1
0 -8.000000 -8.000000 0.000000 0.520296 0.000370 -1
0 -15.000000 -1.000000 0.000000 0.520096 0.000369 -1
0 -11.000000 -1.000000 0.000000 0.520096 0.000369 -1
0 -20.000000 -1.000000 0.000000 0.520096 0.000369 -1
0 -26.000000 1.000000 0.000000 0.520039 0.000369 -1
0 -22.000000 1.000000 0.000000 0.520039 0.000369 -1
0 -23.000000 2.000000 0.000000 0.520011 0.000368 -1
0 -26.000000 4.000000 0.000000 0.519954 0.000368 -1
0 -23.000000 3.000000 0.000000 0.519982 0.000368 -1
0 -24.000000 6.000000 0.000000 0.519897 0.000368 -1
0 -22.000000 4.000000 0.000000 0.519955 0.000368 -1
0 -8.000000 6.000000 0.000000 0.519897 0.000367 -1
0 -10.000000 4.000000 0.000000 0.519954 0.000368 -1
0 -10.000000 1.000000 0.000000 0.520040 0.000368 -1
0 -8.000000 -1.000000 0.000000 0.520096 0.000369 -1
1
0.000000 0.000000 1.000000
56
0 0 1 2 0 0 0 1
0 2 1 3 0 0 0 1
0 3 1 4 0 0 0 1
0 2 5 6 0 0 0 1
0 7 5 2 0 0 0 1
0 8 5 7 0 0 0 1
0 9 10 11 0 0 0 1
0 11 12 9 0 0 0 1
0 13 10 9 0 0 0 1
0 9 14 13 0 0 0 1
0 15 16 17 0 0 0 1
0 17 18 15 0 0 0 1
0 19 16 15 0 0 0 1
0 15 20 19 0 0 0 1
0 21 22 23 0 0 0 1
0 23 24 25 0 0 0 1
0 25 21 23 0 0 0 1
0 25 24 26 0 0 0 1
0 26 27 25 0 0 0 1
0 23 22 28 0 0 0 1
0 28 22 29 0 0 0 1
0 28 29 30 0 0 0 1
0 30 29 31 0 0 0 1
0 32 31 29 0 0 0 1
0 31 32 33 0 0 0 1
0 33 32 34 0 0 0 1
0 33 34 35 0 0 0 1
0 35 34 36 0 0 0 1
0 37 35 36 0 0 0 1
0 36 38 39 0 0 0 1
0 39 37 36 0 0 0 1
0 38 27 39 0 0 0 1
0 39 27 26 0 0 0 1
0 30 26 28 0 0 0 1
0 30 39 26 0 0 0 1
0 40 41 42 0 0 0 1
0 43 44 40 0 0 0 1
0 40 42 43 0 0 0 1
0 45 44 43 0 0 0 1
0 43 46 45 0 0 0 1
0 47 41 40 0 0 0 1
0 48 41 47 0 0 0 1
0 49 48 47 0 0 0 1
0 50 48 49 0 0 0 1
0 48 50 51 0 0 0 1
0 52 51 50 0 0 0 1
0 53 51 52 0 0 0 1
0 54 53 52 0 0 0 1
0 55 53 54 0 0 0 1
0 55 54 56 0 0 0 1
0 57 58 55 0 0 0 1
0 55 56 57 0 0 0 1
0 57 46 58 0 0 0 1
0 45 46 57 0 0 0 1
0 47 45 49 0 0 0 1
0 45 57 49 0 0 0 1

Materials: 1
"mipmap"
0.200000 0.200000 0.200000 1.000000
0.800000 0.800000 0.800000 1.000000
0.000000 0.000000 0.000000 1.000000
0.000000 0.000000 0.000000 1.000000
128.000000
1.000000
"textures\Tap Note parts (mipmaps).ini"
""

Bones: 0
GroupComments: 0
MaterialComments: 0
BoneComments: 0
ModelComment: 0
