// MilkShape 3D ASCII

Frames: 30
Frame: 1

Meshes: 3
"Frame" 1 1
96
1 -0.780201 -23.600708 0.000003 0.758985 0.574852 -1
1 0.000000 -23.600708 0.000003 0.760131 0.574852 -1
1 0.780201 -23.600708 0.000003 0.761277 0.574852 -1
1 0.780201 2.737660 0.000003 0.761277 0.480378 -1
1 -0.780201 2.737660 0.000003 0.758985 0.480378 -1
1 0.000000 -24.432816 0.000003 0.760131 0.577838 -1
1 -1.558967 -24.432816 0.000003 0.757840 0.577838 -1
1 -3.351831 -26.608547 0.000003 0.755207 0.585642 -1
1 0.000000 -26.608547 0.000003 0.760131 0.585642 -1
1 1.558967 -24.432816 0.000003 0.762421 0.577838 -1
1 3.351831 -26.608547 0.000003 0.765054 0.585642 -1
1 -2.758113 -24.432816 0.000003 0.756079 0.577838 -1
1 -4.074846 -25.885532 0.000003 0.754144 0.583048 -1
1 -27.733318 0.542392 0.000003 0.719390 0.488252 -1
1 -29.050053 -0.910325 0.000003 0.717455 0.493462 -1
1 -29.781393 -0.118042 0.000003 0.716380 0.490621 -1
1 -27.733318 5.296091 0.000003 0.719390 0.471200 -1
1 -29.781393 5.245105 0.000003 0.716380 0.471383 -1
1 -29.781393 6.098333 0.000003 0.716380 0.468323 -1
1 -24.899384 8.190971 0.000003 0.723553 0.460817 -1
1 -26.398954 9.511245 0.000003 0.721350 0.456081 -1
1 -25.564009 10.285245 0.000003 0.722577 0.453305 -1
1 -20.438219 8.190971 0.000003 0.730106 0.460817 -1
1 -19.493902 10.285245 0.000003 0.731493 0.453305 -1
1 -18.835699 9.590473 0.000003 0.732460 0.455797 -1
1 -11.773166 -0.432511 0.000003 0.742836 0.491749 -1
1 -10.307818 1.041431 0.000003 0.744988 0.486462 -1
1 -10.323234 -1.860530 0.000003 0.744965 0.496871 -1
1 -8.312900 -1.860530 0.000003 0.747919 0.496871 -1
1 -8.297484 1.041431 0.000003 0.747942 0.486462 -1
1 -10.323234 -2.685825 0.000003 0.744965 0.499831 -1
1 -8.312900 -2.685825 0.000003 0.747919 0.499831 -1
1 -8.297484 3.313932 0.000003 0.747942 0.478310 -1
1 -10.307818 3.313932 0.000003 0.744988 0.478310 -1
1 -10.307818 3.798881 0.000003 0.744988 0.476571 -1
1 -4.280048 7.367635 0.000003 0.753843 0.463770 -1
1 -6.898480 7.193524 0.000003 0.749997 0.464394 -1
1 -7.711652 10.755161 0.000003 0.748802 0.451619 -1
1 -10.302920 10.622456 0.000003 0.744996 0.452095 -1
1 -8.275034 11.310284 0.000003 0.747974 0.449628 -1
1 -10.302920 11.283750 0.000003 0.744996 0.449723 -1
1 -8.275034 28.730354 0.000003 0.747974 0.387142 -1
1 -10.302920 28.703819 0.000003 0.744996 0.387237 -1
1 -10.302920 29.463085 0.000003 0.744996 0.384513 -1
1 -6.144197 30.885685 0.000003 0.751105 0.379411 -1
1 -8.172083 31.618412 0.000003 0.748126 0.376783 -1
1 -6.800510 32.941002 0.000003 0.750141 0.372039 -1
1 -2.923450 30.885685 0.000003 0.755836 0.379411 -1
1 -3.579763 32.941002 0.000003 0.754872 0.372039 -1
1 -2.257175 32.941002 0.000003 0.756815 0.372039 -1
1 -0.785470 28.754166 0.000003 0.758977 0.387057 -1
1 0.003130 30.681919 0.000003 0.760135 0.380142 -1
1 3.358090 -26.608547 0.000003 0.765064 0.585642 -1
1 4.081106 -25.885532 0.000003 0.766126 0.583048 -1
1 2.764371 -24.432816 0.000003 0.764192 0.577838 -1
1 29.056313 -0.910325 0.000003 0.802815 0.493462 -1
1 27.739578 0.542392 0.000003 0.800881 0.488252 -1
1 29.787653 -0.118042 0.000003 0.803890 0.490621 -1
1 29.787653 5.245105 0.000003 0.803890 0.471383 -1
1 27.739578 5.296091 0.000003 0.800881 0.471200 -1
1 29.787653 6.098333 0.000003 0.803890 0.468323 -1
1 26.405212 9.511245 0.000003 0.798921 0.456081 -1
1 24.905643 8.190971 0.000003 0.796718 0.460817 -1
1 25.570267 10.285245 0.000003 0.797694 0.453305 -1
1 19.500160 10.285245 0.000003 0.788777 0.453305 -1
1 20.444477 8.190971 0.000003 0.790164 0.460817 -1
1 18.841957 9.590473 0.000003 0.787810 0.455797 -1
1 10.314077 1.041431 0.000003 0.775283 0.486462 -1
1 11.769693 -0.428475 0.000003 0.777421 0.491735 -1
1 10.329493 -1.860530 0.000003 0.775305 0.496871 -1
1 8.303743 1.041431 0.000003 0.772329 0.486462 -1
1 8.319159 -1.860530 0.000003 0.772352 0.496871 -1
1 8.319159 -2.685825 0.000003 0.772352 0.499831 -1
1 10.329493 -2.685825 0.000003 0.775305 0.499831 -1
1 10.314077 3.313932 0.000003 0.775283 0.478310 -1
1 8.303743 3.313932 0.000003 0.772329 0.478310 -1
1 10.314077 3.798881 0.000003 0.775283 0.476571 -1
1 6.831262 7.315986 0.000003 0.770166 0.463955 -1
1 4.190590 7.424530 0.000003 0.766287 0.463566 -1
1 10.309179 10.732672 0.000003 0.775275 0.451699 -1
1 7.734928 10.850862 0.000003 0.771494 0.451275 -1
1 8.305785 11.408253 0.000003 0.772332 0.449276 -1
1 10.309179 11.393966 0.000003 0.775275 0.449327 -1
1 10.309179 28.703819 0.000003 0.775275 0.387237 -1
1 8.281293 28.730354 0.000003 0.772296 0.387142 -1
1 10.309179 29.463085 0.000003 0.775275 0.384513 -1
1 8.178342 31.618412 0.000003 0.772145 0.376783 -1
1 6.150456 30.885685 0.000003 0.769166 0.379411 -1
1 6.806769 32.941002 0.000003 0.770130 0.372039 -1
1 2.263433 32.941002 0.000003 0.763456 0.372039 -1
1 2.929708 30.885685 0.000003 0.764434 0.379411 -1
1 0.791730 28.754166 0.000003 0.761293 0.387057 -1
1 -0.785470 13.920112 0.000003 0.758977 0.440266 -1
1 0.791730 13.920112 0.000003 0.761293 0.440266 -1
1 -0.785470 12.399544 0.000003 0.758977 0.445720 -1
1 5.818313 8.985375 0.000003 0.768678 0.457967 -1
1
0.000000 0.000000 1.000000
133
1 0 1 2 0 0 0 1
1 0 2 3 0 0 0 1
1 0 3 4 0 0 0 1
1 5 6 7 0 0 0 1
1 5 7 8 0 0 0 1
1 9 5 8 0 0 0 1
1 9 8 10 0 0 0 1
1 2 1 5 0 0 0 1
1 2 5 9 0 0 0 1
1 1 0 6 0 0 0 1
1 1 6 5 0 0 0 1
1 7 6 6 0 0 0 1
1 7 6 7 0 0 0 1
1 7 6 6 0 0 0 1
1 7 6 7 0 0 0 1
1 7 6 11 0 0 0 1
1 7 11 12 0 0 0 1
1 12 11 11 0 0 0 1
1 12 11 12 0 0 0 1
1 12 11 13 0 0 0 1
1 12 13 14 0 0 0 1
1 13 12 12 0 0 0 1
1 6 12 12 0 0 0 1
1 6 12 6 0 0 0 1
1 6 6 6 0 0 0 1
1 7 7 5 0 0 0 1
1 7 5 7 0 0 0 1
1 14 13 15 0 0 0 1
1 15 13 16 0 0 0 1
1 15 16 17 0 0 0 1
1 17 16 18 0 0 0 1
1 18 16 19 0 0 0 1
1 18 19 20 0 0 0 1
1 20 19 21 0 0 0 1
1 21 19 22 0 0 0 1
1 21 22 23 0 0 0 1
1 23 23 24 0 0 0 1
1 23 24 24 0 0 0 1
1 23 22 22 0 0 0 1
1 23 22 23 0 0 0 1
1 23 22 24 0 0 0 1
1 24 22 25 0 0 0 1
1 24 25 26 0 0 0 1
1 26 25 27 0 0 0 1
1 22 26 22 0 0 0 1
1 26 27 28 0 0 0 1
1 26 28 29 0 0 0 1
1 28 27 30 0 0 0 1
1 28 30 31 0 0 0 1
1 26 29 32 0 0 0 1
1 26 32 33 0 0 0 1
1 33 32 34 0 0 0 1
1 34 32 35 0 0 0 1
1 34 35 36 0 0 0 1
1 36 35 37 0 0 0 1
1 36 37 38 0 0 0 1
1 38 37 39 0 0 0 1
1 39 40 38 0 0 0 1
1 40 39 41 0 0 0 1
1 40 41 42 0 0 0 1
1 42 41 43 0 0 0 1
1 43 41 44 0 0 0 1
1 43 44 45 0 0 0 1
1 45 44 46 0 0 0 1
1 46 44 47 0 0 0 1
1 46 47 48 0 0 0 1
1 48 47 49 0 0 0 1
1 49 47 50 0 0 0 1
1 49 50 51 0 0 0 1
1 52 52 9 0 0 0 1
1 52 9 9 0 0 0 1
1 52 52 9 0 0 0 1
1 52 9 9 0 0 0 1
1 52 53 54 0 0 0 1
1 52 54 9 0 0 0 1
1 53 53 54 0 0 0 1
1 53 54 54 0 0 0 1
1 53 55 56 0 0 0 1
1 53 56 54 0 0 0 1
1 56 53 53 0 0 0 1
1 9 9 9 0 0 0 1
1 9 9 53 0 0 0 1
1 9 53 53 0 0 0 1
1 55 57 56 0 0 0 1
1 57 58 59 0 0 0 1
1 57 59 56 0 0 0 1
1 58 60 59 0 0 0 1
1 60 61 62 0 0 0 1
1 60 62 59 0 0 0 1
1 61 63 62 0 0 0 1
1 63 64 65 0 0 0 1
1 63 65 62 0 0 0 1
1 64 66 66 0 0 0 1
1 64 66 64 0 0 0 1
1 64 64 65 0 0 0 1
1 64 65 65 0 0 0 1
1 64 66 65 0 0 0 1
1 66 67 68 0 0 0 1
1 66 68 65 0 0 0 1
1 67 69 68 0 0 0 1
1 65 65 67 0 0 0 1
1 67 70 71 0 0 0 1
1 67 71 69 0 0 0 1
1 71 72 73 0 0 0 1
1 71 73 69 0 0 0 1
1 67 74 75 0 0 0 1
1 67 75 70 0 0 0 1
1 74 76 75 0 0 0 1
1 76 77 78 0 0 0 1
1 76 78 75 0 0 0 1
1 77 79 80 0 0 0 1
1 77 80 78 0 0 0 1
1 79 81 80 0 0 0 1
1 81 79 82 0 0 0 1
1 82 83 84 0 0 0 1
1 82 84 81 0 0 0 1
1 83 85 84 0 0 0 1
1 85 86 87 0 0 0 1
1 85 87 84 0 0 0 1
1 86 88 87 0 0 0 1
1 88 89 90 0 0 0 1
1 88 90 87 0 0 0 1
1 51 50 91 0 0 0 1
1 50 92 93 0 0 0 1
1 50 93 91 0 0 0 1
1 93 92 94 0 0 0 1
1 94 78 95 0 0 0 1
1 94 95 93 0 0 0 1
1 95 78 78 0 0 0 1
1 95 78 77 0 0 0 1
1 78 78 93 0 0 0 1
1 91 89 51 0 0 0 1
1 90 89 91 0 0 0 1
"Arrow" 0 0
119
0 -1.831142 -21.863247 0.000003 0.001172 0.470708 -1
0 -0.780201 -21.863247 0.000003 0.001172 0.470708 -1
0 -0.780201 2.737660 0.000003 0.001172 0.254951 -1
0 -1.831142 2.814435 0.000003 0.001172 0.254280 -1
0 -0.780201 -23.600708 0.000003 0.001172 0.485946 -1
0 -2.090996 -22.170347 0.000003 0.001172 0.473403 -1
0 -1.558967 -24.432816 0.000003 0.001172 0.493245 -1
0 -2.758113 -24.432816 0.000003 0.001172 0.493245 -1
0 -2.833944 -22.144955 0.000003 0.001172 0.473180 -1
0 -3.920368 -23.270561 0.000003 0.001172 0.483052 -1
0 -26.611458 1.590043 0.000003 0.001172 0.265015 -1
0 -27.733318 0.542392 0.000003 0.001172 0.274205 -1
0 -27.733318 1.577082 0.000003 0.001172 0.265129 -1
0 -26.611458 4.169682 0.000003 0.001172 0.242391 -1
0 -27.733318 4.156720 0.000003 0.001172 0.242507 -1
0 -27.733318 5.296091 0.000003 0.001172 0.232513 -1
0 -23.582634 7.218112 0.000003 0.001172 0.215658 -1
0 -24.899384 8.190971 0.000003 0.001172 0.207125 -1
0 -23.600115 8.190971 0.000003 0.001172 0.207125 -1
0 -21.574673 7.218112 0.000003 0.001172 0.215658 -1
0 -21.592154 8.190971 0.000003 0.001172 0.207125 -1
0 -20.438221 8.190971 0.000003 0.001172 0.207125 -1
0 -11.516348 -2.868330 0.000003 0.001172 0.304118 -1
0 -10.891459 -2.346960 0.000003 0.001172 0.299545 -1
0 -10.323234 -1.860530 0.000003 0.001172 0.295280 -1
0 -10.323234 -2.685825 0.000003 0.001172 0.302517 -1
0 -10.967233 -3.419568 0.000003 0.001172 0.308952 -1
0 -10.413173 -3.974101 0.000003 0.001172 0.313817 -1
0 -8.276653 -3.945753 0.000003 0.001172 0.313567 -1
0 -8.312901 -2.685825 0.000003 0.001172 0.302517 -1
0 -8.003817 -6.390741 0.000003 0.001172 0.335010 -1
0 -7.342371 -6.390741 0.000003 0.001172 0.335010 -1
0 -7.664816 -3.945753 0.000003 0.001172 0.313567 -1
0 -7.185881 -3.945753 0.000003 0.001172 0.313567 -1
0 -7.241973 -6.284438 0.000003 0.001172 0.334077 -1
0 -7.206772 -2.685825 0.000003 0.001172 0.302517 -1
0 -7.240966 2.924151 0.000003 0.001172 0.253317 -1
0 -8.297485 3.313932 0.000003 0.001172 0.249898 -1
0 -4.315482 5.841129 0.000003 0.001172 0.227733 -1
0 -5.384305 6.247315 0.000003 0.001172 0.224171 -1
0 -4.280048 7.367635 0.000003 0.001172 0.214346 -1
0 -3.583166 5.841129 0.000003 0.001172 0.227733 -1
0 -1.303251 3.337725 0.000003 0.001172 0.249689 -1
0 -0.785511 3.337725 0.000003 0.001172 0.249689 -1
0 -0.785511 3.554270 0.000003 0.001172 0.247788 -1
0 -1.303251 3.554270 0.000003 0.001172 0.247788 -1
0 -2.335866 7.102603 0.000003 0.001172 0.216671 -1
0 -0.055951 4.815743 0.000003 0.001172 0.236726 -1
0 1.789605 2.966087 0.000003 0.001172 0.252948 -1
0 0.794674 2.737660 0.000003 0.001172 0.254951 -1
0 1.786845 2.737660 0.000003 0.001172 0.254951 -1
0 -3.398319 8.146496 0.000003 0.001172 0.207514 -1
0 -7.251566 11.975754 0.000003 0.001172 0.173930 -1
0 -8.275034 11.310284 0.000003 0.001172 0.179767 -1
0 -8.275034 11.948109 0.000003 0.001172 0.174174 -1
0 -7.251566 28.105558 0.000003 0.001172 0.032469 -1
0 -8.275034 28.117287 0.000003 0.001172 0.032366 -1
0 -8.275034 28.730354 0.000003 0.001172 0.026990 -1
0 -5.598114 29.763815 0.000003 0.001172 0.017926 -1
0 -6.144197 30.885683 0.000003 0.001172 0.008087 -1
0 -5.612676 30.885683 0.000003 0.001172 0.008087 -1
0 -3.580304 29.763815 0.000003 0.001172 0.017926 -1
0 -3.594866 30.885683 0.000003 0.001172 0.008087 -1
0 -2.923450 30.885683 0.000003 0.001172 0.008087 -1
0 -1.796671 28.004362 0.000003 0.001172 0.033356 -1
0 -0.785470 28.754166 0.000003 0.001172 0.026781 -1
0 -0.785470 28.010036 0.000003 0.001172 0.033307 -1
0 -1.796671 12.393869 0.000003 0.001172 0.170265 -1
0 -0.785470 12.399544 0.000003 0.001172 0.170215 -1
0 -1.796671 11.186255 0.000003 0.001172 0.180855 -1
0 6.153642 3.215051 0.000003 0.001172 0.250766 -1
0 7.064434 3.225119 0.000003 0.001172 0.250675 -1
0 8.303744 3.313932 0.000003 0.001172 0.249898 -1
0 7.240033 3.058970 0.000003 0.001172 0.252134 -1
0 7.245604 -6.308505 0.000003 0.001172 0.334290 -1
0 8.319159 -2.685825 0.000003 0.001172 0.302517 -1
0 7.394430 -6.436069 0.000003 0.001172 0.335409 -1
0 7.996820 -6.436069 0.000003 0.001172 0.335409 -1
0 10.362928 -1.823224 0.000003 0.001172 0.294951 -1
0 10.350682 -2.692712 0.000003 0.001172 0.302577 -1
0 11.725621 -2.705298 0.000003 0.001172 0.302689 -1
0 0.780201 -23.600708 0.000003 0.001172 0.485946 -1
0 1.789381 -21.857319 0.000003 0.001172 0.470658 -1
0 1.558967 -24.432816 0.000003 0.001172 0.493245 -1
0 2.087032 -22.171978 0.000003 0.001172 0.473416 -1
0 2.313608 -24.432816 0.000003 0.001172 0.493245 -1
0 2.835414 -22.171978 0.000003 0.001172 0.473416 -1
0 2.764371 -24.432816 0.000003 0.001172 0.493245 -1
0 3.876867 -23.319567 0.000003 0.001172 0.483482 -1
0 27.739580 0.542392 0.000003 0.001172 0.274205 -1
0 26.568199 1.560053 0.000003 0.001172 0.265280 -1
0 27.739580 1.552283 0.000003 0.001172 0.265346 -1
0 27.739580 5.296091 0.000003 0.001172 0.232513 -1
0 26.568199 4.166580 0.000003 0.001172 0.242418 -1
0 24.905642 8.190971 0.000003 0.001172 0.207125 -1
0 23.566929 7.199264 0.000003 0.001172 0.215823 -1
0 23.566929 8.190972 0.000003 0.001172 0.207125 -1
0 20.444477 8.190972 0.000003 0.001172 0.207125 -1
0 21.544785 7.199264 0.000003 0.001172 0.215823 -1
0 5.818313 8.985375 0.000003 0.001172 0.200157 -1
0 8.305785 11.408253 0.000003 0.001172 0.178909 -1
0 7.215070 11.886301 0.000003 0.001172 0.174716 -1
0 5.023685 9.767321 0.000003 0.001172 0.193300 -1
0 8.305785 11.892281 0.000003 0.001172 0.174664 -1
0 8.281293 27.972712 0.000003 0.001172 0.033634 -1
0 7.232312 27.960983 0.000003 0.001172 0.033737 -1
0 8.281293 28.730354 0.000003 0.001172 0.026990 -1
0 6.150456 30.885683 0.000003 0.001172 0.008087 -1
0 5.437041 29.744129 0.000003 0.001172 0.018098 -1
0 5.618935 30.885683 0.000003 0.001172 0.008087 -1
0 3.601126 30.885683 0.000003 0.001172 0.008087 -1
0 3.503969 29.763815 0.000003 0.001172 0.017926 -1
0 2.929708 30.885683 0.000003 0.001172 0.008087 -1
0 0.788407 28.754166 0.000003 0.001172 0.026781 -1
0 1.822958 28.004362 0.000003 0.001172 0.033356 -1
0 0.791154 28.010036 0.000003 0.001172 0.033307 -1
0 0.791730 13.920113 0.000003 0.001172 0.156878 -1
0 1.842304 13.914438 0.000003 0.001172 0.156928 -1
0 1.822618 12.908606 0.000003 0.001172 0.165750 -1
1
0.000000 0.000000 1.000000
128
0 0 1 2 0 0 0 1
0 0 2 3 0 0 0 1
0 1 0 4 0 0 0 1
0 4 0 5 0 0 0 1
0 5 6 4 0 0 0 1
0 6 5 7 0 0 0 1
0 7 5 8 0 0 0 1
0 8 9 7 0 0 0 1
0 9 8 10 0 0 0 1
0 9 10 11 0 0 0 1
0 11 10 12 0 0 0 1
0 12 10 13 0 0 0 1
0 12 13 14 0 0 0 1
0 14 13 15 0 0 0 1
0 15 13 16 0 0 0 1
0 15 16 17 0 0 0 1
0 17 16 18 0 0 0 1
0 18 16 19 0 0 0 1
0 18 19 20 0 0 0 1
0 20 19 21 0 0 0 1
0 21 19 22 0 0 0 1
0 21 22 23 0 0 0 1
0 21 23 24 0 0 0 1
0 24 23 25 0 0 0 1
0 25 26 27 0 0 0 1
0 25 23 26 0 0 0 1
0 23 22 26 0 0 0 1
0 25 27 28 0 0 0 1
0 25 28 29 0 0 0 1
0 28 27 30 0 0 0 1
0 28 30 31 0 0 0 1
0 28 31 32 0 0 0 1
0 31 33 32 0 0 0 1
0 33 31 34 0 0 0 1
0 28 32 29 0 0 0 1
0 32 33 29 0 0 0 1
0 29 33 35 0 0 0 1
0 29 35 36 0 0 0 1
0 29 36 37 0 0 0 1
0 37 36 38 0 0 0 1
0 37 38 39 0 0 0 1
0 38 40 39 0 0 0 1
0 40 38 41 0 0 0 1
0 3 2 42 0 0 0 1
0 42 2 43 0 0 0 1
0 42 43 44 0 0 0 1
0 42 44 45 0 0 0 1
0 41 46 40 0 0 0 1
0 46 41 45 0 0 0 1
0 46 45 47 0 0 0 1
0 44 47 45 0 0 0 1
0 47 44 48 0 0 0 1
0 44 43 48 0 0 0 1
0 43 2 48 0 0 0 1
0 48 2 49 0 0 0 1
0 49 50 48 0 0 0 1
0 46 51 40 0 0 0 1
0 40 51 52 0 0 0 1
0 40 52 53 0 0 0 1
0 52 54 53 0 0 0 1
0 54 52 55 0 0 0 1
0 54 55 56 0 0 0 1
0 56 55 57 0 0 0 1
0 57 55 58 0 0 0 1
0 57 58 59 0 0 0 1
0 59 58 60 0 0 0 1
0 60 58 61 0 0 0 1
0 60 61 62 0 0 0 1
0 62 61 63 0 0 0 1
0 63 61 64 0 0 0 1
0 63 64 65 0 0 0 1
0 65 64 66 0 0 0 1
0 66 64 67 0 0 0 1
0 66 67 68 0 0 0 1
0 68 67 69 0 0 0 1
0 68 69 70 0 0 0 1
0 68 70 71 0 0 0 1
0 68 71 72 0 0 0 1
0 71 73 72 0 0 0 1
0 72 73 74 0 0 0 1
0 72 74 75 0 0 0 1
0 74 76 75 0 0 0 1
0 76 77 75 0 0 0 1
0 78 79 80 0 0 0 1
0 78 80 80 0 0 0 1
0 50 49 81 0 0 0 1
0 50 81 82 0 0 0 1
0 82 81 83 0 0 0 1
0 83 84 82 0 0 0 1
0 84 83 85 0 0 0 1
0 84 85 86 0 0 0 1
0 86 85 87 0 0 0 1
0 87 88 86 0 0 0 1
0 86 88 89 0 0 0 1
0 86 89 90 0 0 0 1
0 89 91 90 0 0 0 1
0 90 91 92 0 0 0 1
0 90 92 93 0 0 0 1
0 93 92 94 0 0 0 1
0 93 94 95 0 0 0 1
0 94 96 95 0 0 0 1
0 95 96 97 0 0 0 1
0 95 97 98 0 0 0 1
0 98 97 78 0 0 0 1
0 98 78 80 0 0 0 1
0 99 100 101 0 0 0 1
0 99 101 102 0 0 0 1
0 101 100 103 0 0 0 1
0 103 104 105 0 0 0 1
0 103 105 101 0 0 0 1
0 104 106 105 0 0 0 1
0 106 107 108 0 0 0 1
0 106 108 105 0 0 0 1
0 107 109 108 0 0 0 1
0 109 110 111 0 0 0 1
0 109 111 108 0 0 0 1
0 110 112 111 0 0 0 1
0 112 113 114 0 0 0 1
0 112 114 111 0 0 0 1
0 113 115 114 0 0 0 1
0 115 116 117 0 0 0 1
0 115 117 114 0 0 0 1
0 116 118 117 0 0 0 1
0 77 79 75 0 0 0 1
0 77 75 75 0 0 0 1
0 77 75 75 0 0 0 1
0 79 77 80 0 0 0 1
0 79 80 80 0 0 0 1
"Center" 0 1
58
0 -7.251567 11.975754 0.000003 0.049610 0.007813 -1
0 -1.796671 11.950145 0.000003 0.049610 0.007813 -1
0 -1.796671 28.004362 0.000003 0.049610 0.007813 -1
0 -7.251566 28.105558 0.000003 0.049610 0.007813 -1
0 -3.580304 29.763815 0.000003 0.049610 0.007813 -1
0 -5.598114 29.763815 0.000003 0.049610 0.007813 -1
0 7.215070 11.886301 0.000003 0.049610 0.007813 -1
0 7.232313 27.960983 0.000003 0.049610 0.007813 -1
0 1.822958 28.004362 0.000003 0.049610 0.007813 -1
0 1.815277 12.915149 0.000003 0.049610 0.007813 -1
0 3.503969 29.763815 0.000003 0.049610 0.007813 -1
0 5.437041 29.744129 0.000003 0.049610 0.007813 -1
0 -1.858169 2.814436 0.000003 0.179297 0.007813 -1
0 -7.212909 -3.945753 0.000003 0.179297 0.007813 -1
0 -1.855462 -3.892543 0.000003 0.179297 0.007813 -1
0 -7.233800 -2.685825 0.000003 0.179297 0.007813 -1
0 -7.267993 2.924151 0.000003 0.179297 0.007813 -1
0 -4.342510 5.841129 0.000003 0.179297 0.007813 -1
0 -1.330278 3.337725 0.000003 0.179297 0.007813 -1
0 -1.330278 3.554270 0.000003 0.179297 0.007813 -1
0 -3.610193 5.841129 0.000003 0.179297 0.007813 -1
0 1.762578 2.966087 0.000003 0.179297 0.007813 -1
0 1.761165 -3.862417 0.000003 0.179297 0.007813 -1
0 7.217018 -3.810934 0.000003 0.179297 0.007813 -1
0 7.215125 -2.551006 0.000003 0.179297 0.007813 -1
0 7.213006 3.058970 0.000003 0.179297 0.007813 -1
0 7.037407 3.225119 0.000003 0.179297 0.007813 -1
0 6.126615 3.215051 0.000003 0.179297 0.007813 -1
0 -1.823698 11.956748 0.000003 0.179297 0.007813 -1
0 -7.278594 11.975754 0.000003 0.179297 0.007813 -1
0 4.996658 9.767321 0.000003 0.179297 0.007813 -1
0 7.188043 11.886301 0.000003 0.179297 0.007813 -1
0 2.856591 11.887900 0.000003 0.179297 0.007813 -1
0 -26.611458 4.169682 0.000003 0.314844 0.012500 -1
0 -26.611458 1.590043 0.000003 0.314844 0.012500 -1
0 -23.582634 7.218112 0.000003 0.314844 0.012500 -1
0 -21.574673 7.218112 0.000003 0.314844 0.012500 -1
0 -2.833944 -22.144955 0.000003 0.314844 0.012500 -1
0 -8.003817 -6.390741 0.000003 0.314844 0.012500 -1
0 -7.342371 -6.390741 0.000003 0.314844 0.012500 -1
0 -7.241973 -6.284438 0.000003 0.314844 0.012500 -1
0 -2.090996 -22.170347 0.000003 0.314844 0.012500 -1
0 -1.831142 -21.863247 0.000003 0.314844 0.012500 -1
0 -1.831142 -3.895441 0.000003 0.314844 0.012500 -1
0 -7.185882 -3.945753 0.000003 0.314844 0.012500 -1
0 26.568199 4.166580 0.000003 0.314844 0.012500 -1
0 23.566929 7.199264 0.000003 0.314844 0.012500 -1
0 26.568199 1.560053 0.000003 0.314844 0.012500 -1
0 21.544785 7.199264 0.000003 0.314844 0.012500 -1
0 7.996820 -6.436069 0.000003 0.314844 0.012500 -1
0 2.835415 -22.171978 0.000003 0.314844 0.012500 -1
0 7.394430 -6.436069 0.000003 0.314844 0.012500 -1
0 7.245604 -6.308505 0.000003 0.314844 0.012500 -1
0 2.087032 -22.171978 0.000003 0.314844 0.012500 -1
0 1.789381 -21.857319 0.000003 0.314844 0.012500 -1
0 1.789605 -3.859214 0.000003 0.314844 0.012500 -1
0 7.244045 -3.810934 0.000003 0.314844 0.012500 -1
0 2.872458 11.879477 0.000000 0.049610 0.007813 -1
4
0.000000 0.000000 1.000000
-0.000000 -0.000001 1.000000
-0.000000 -0.000002 1.000000
-0.000001 -0.000004 1.000000
48
0 0 1 2 0 0 0 1
0 0 2 3 0 0 0 1
0 2 4 3 0 0 0 1
0 4 5 3 0 0 0 1
0 6 7 8 1 0 0 1
0 6 8 9 1 0 2 1
0 8 7 10 0 0 0 1
0 10 7 11 0 0 0 1
0 12 13 14 0 0 0 1
0 13 12 15 0 0 0 1
0 15 12 16 0 0 0 1
0 16 12 17 0 0 0 1
0 17 12 18 0 0 0 1
0 18 19 17 0 0 0 1
0 19 20 17 0 0 0 1
0 21 22 23 0 0 0 1
0 23 24 21 0 0 0 1
0 24 25 21 0 0 0 1
0 25 26 21 0 0 0 1
0 26 27 21 0 0 0 1
0 21 27 28 0 0 0 1
0 21 28 29 0 0 0 1
0 30 31 32 0 0 0 1
0 33 34 35 0 0 0 1
0 35 34 36 0 0 0 1
0 34 37 38 0 0 0 1
0 34 38 36 0 0 0 1
0 38 37 39 0 0 0 1
0 39 37 40 0 0 0 1
0 40 37 41 0 0 0 1
0 41 42 40 0 0 0 1
0 42 43 40 0 0 0 1
0 43 44 40 0 0 0 1
0 45 46 47 0 0 0 1
0 46 48 47 0 0 0 1
0 47 48 49 0 0 0 1
0 47 49 50 0 0 0 1
0 49 51 50 0 0 0 1
0 51 52 50 0 0 0 1
0 52 53 50 0 0 0 1
0 53 52 54 0 0 0 1
0 54 52 55 0 0 0 1
0 55 52 56 0 0 0 1
0 32 32 32 0 0 0 1
0 57 6 9 3 1 2 1
0 57 57 57 3 3 3 1
0 6 7 8 1 0 0 1
0 9 57 6 2 3 1 1

Materials: 2
"colours"
0.200000 0.200000 0.200000 1.000000
0.800000 0.800000 0.800000 1.000000
0.000000 0.000000 0.000000 1.000000
0.000000 0.000000 0.000000 1.000000
0.000000
1.000000
"textures\colours.ini"
""
"frame"
0.200000 0.200000 0.200000 1.000000
0.800000 0.800000 0.800000 1.000000
0.000000 0.000000 0.000000 1.000000
0.000000 0.000000 0.000000 1.000000
0.000000
1.000000
"textures\frame.ini"
""

Bones: 0
GroupComments: 0
MaterialComments: 0
BoneComments: 0
ModelComment: 0
