// MilkShape 3D ASCII

Frames: 30
Frame: 1

Meshes: 3
"Border" 1 1
29
1 0.000000 24.000000 0.000000 0.758987 0.426863 -1
1 4.000000 28.000000 0.000000 0.760068 0.422756 -1
1 0.000000 27.000000 0.000000 0.758987 0.423578 -1
1 3.000000 30.000000 0.000000 0.759637 0.421113 -1
1 8.000000 28.000000 0.000000 0.760716 0.422756 -1
1 10.000000 30.000000 0.000000 0.761150 0.421113 -1
1 10.000000 12.000000 0.000000 0.761150 0.435899 -1
1 8.000000 10.000000 0.000000 0.760716 0.437542 -1
1 24.000000 10.000000 0.000000 0.764176 0.437542 -1
1 25.000000 12.000000 0.000000 0.764392 0.435899 -1
1 28.000000 6.000000 0.000000 0.765040 0.440828 -1
1 30.000000 7.000000 0.000000 0.765472 0.440007 -1
1 28.000000 0.000000 0.000000 0.765040 0.445757 -1
1 30.000000 -1.000000 0.000000 0.765472 0.445757 -1
1 0.000000 -28.000000 0.000000 0.758987 0.468758 -1
1 0.014907 -30.555906 0.000000 0.758987 0.470400 -1
1 -4.000000 28.000000 0.000000 0.757908 0.422756 -1
1 0.000000 24.000000 0.000000 0.758987 0.426863 -1
1 -3.000000 30.000000 0.000000 0.758340 0.421113 -1
1 -8.000000 28.000000 0.000000 0.757258 0.422756 -1
1 -10.000000 30.000000 0.000000 0.756827 0.421113 -1
1 -10.000000 12.000000 0.000000 0.756827 0.435899 -1
1 -8.000000 10.000000 0.000000 0.757258 0.437542 -1
1 -24.000000 10.000000 0.000000 0.753801 0.437542 -1
1 -25.000000 12.000000 0.000000 0.753583 0.435899 -1
1 -30.000000 7.000000 0.000000 0.752503 0.440007 -1
1 -28.000000 6.000000 0.000000 0.752936 0.440828 -1
1 -28.000000 0.000000 0.000000 0.752936 0.445757 -1
1 -30.000000 -0.900000 0.000000 0.752503 0.445757 -1
1
0.000000 0.000000 1.000000
28
1 0 1 2 0 0 0 1
1 2 1 3 0 0 0 1
1 1 4 3 0 0 0 1
1 4 5 3 0 0 0 1
1 5 4 6 0 0 0 1
1 7 6 4 0 0 0 1
1 6 7 8 0 0 0 1
1 6 8 9 0 0 0 1
1 8 10 11 0 0 0 1
1 11 9 8 0 0 0 1
1 11 10 12 0 0 0 1
1 12 13 11 0 0 0 1
1 14 15 13 0 0 0 1
1 13 12 14 0 0 0 1
1 2 16 17 0 0 0 1
1 18 16 2 0 0 0 1
1 18 19 16 0 0 0 1
1 18 20 19 0 0 0 1
1 21 19 20 0 0 0 1
1 19 21 22 0 0 0 1
1 23 22 21 0 0 0 1
1 24 23 21 0 0 0 1
1 25 26 23 0 0 0 1
1 23 24 25 0 0 0 1
1 27 26 25 0 0 0 1
1 25 28 27 0 0 0 1
1 28 15 14 0 0 0 1
1 14 27 28 0 0 0 1
"Inside" 0 0
73
0 0.000000 20.000000 0.000000 0.001172 0.079377 -1
0 3.000000 23.000000 0.000000 0.001172 0.053700 -1
0 0.000000 24.000000 0.000000 0.001172 0.053700 -1
0 4.000000 28.000000 0.000000 0.001172 0.010904 -1
0 4.000000 23.000000 0.000000 0.001172 0.053700 -1
0 8.000000 28.000000 0.000000 0.001172 0.010904 -1
0 4.000000 13.000000 0.000000 0.001172 0.139291 -1
0 8.000000 10.000000 0.000000 0.001172 0.164967 -1
0 0.000000 9.000000 0.000000 0.001172 0.173527 -1
0 4.000000 9.000000 0.000000 0.001172 0.173527 -1
0 0.000000 5.000000 0.000000 0.001172 0.207763 -1
0 8.000000 6.000000 0.000000 0.001172 0.199205 -1
0 24.000000 6.000000 0.000000 0.001172 0.199205 -1
0 24.000000 10.000000 0.000000 0.001172 0.164967 -1
0 28.000000 6.000000 0.000000 0.001172 0.199205 -1
0 26.000000 4.000000 0.000000 0.001172 0.216323 -1
0 26.000000 1.000000 0.000000 0.001172 0.242000 -1
0 28.000000 0.000000 0.000000 0.001172 0.250559 -1
0 11.000000 -1.000000 0.000000 0.001172 0.259118 -1
0 8.000000 -1.000000 0.000000 0.001172 0.259118 -1
0 6.000000 -6.000000 0.000000 0.001172 0.301914 -1
0 4.000000 -3.000000 0.000000 0.001172 0.276236 -1
0 20.000000 -1.000000 0.000000 0.001172 0.259118 -1
0 15.000000 -1.000000 0.000000 0.001172 0.259118 -1
0 8.000000 -8.000000 0.000000 0.001172 0.319032 -1
0 8.000000 -13.000000 0.000000 0.001172 0.361828 -1
0 9.000000 -16.000000 0.000000 0.001172 0.387504 -1
0 0.000000 -28.000000 0.000000 0.001172 0.490214 -1
0 22.000000 1.000000 0.000000 0.001172 0.242000 -1
0 23.000000 2.000000 0.000000 0.001172 0.233441 -1
0 23.000000 3.000000 0.000000 0.001172 0.224881 -1
0 22.000000 4.000000 0.000000 0.001172 0.216323 -1
0 10.000000 4.000000 0.000000 0.001172 0.216323 -1
0 10.000000 1.000000 0.000000 0.001172 0.242000 -1
0 6.000000 -16.000000 0.000000 0.001172 0.387504 -1
0 4.000000 -19.000000 0.000000 0.001172 0.413182 -1
0 0.000000 -23.000000 0.000000 0.001172 0.447418 -1
0 4.000000 -7.000000 0.000000 0.001172 0.310473 -1
0 0.000000 -11.000000 0.000000 0.001172 0.344709 -1
0 0.000000 -7.000000 0.000000 0.001172 0.310473 -1
0 -3.000000 23.000000 0.000000 0.001172 0.053700 -1
0 0.000000 20.000000 0.000000 0.001172 0.079377 -1
0 -4.000000 28.000000 0.000000 0.001172 0.010904 -1
0 -4.000000 23.000000 0.000000 0.001172 0.053700 -1
0 -8.000000 28.000000 0.000000 0.001172 0.010904 -1
0 -4.000000 13.000000 0.000000 0.001172 0.139291 -1
0 -8.000000 10.000000 0.000000 0.001172 0.164967 -1
0 -4.000000 9.000000 0.000000 0.001172 0.173527 -1
0 -8.000000 6.000000 0.000000 0.001172 0.199205 -1
0 -24.000000 10.000000 0.000000 0.001172 0.164967 -1
0 -24.000000 6.000000 0.000000 0.001172 0.199205 -1
0 -28.000000 6.000000 0.000000 0.001172 0.199205 -1
0 -26.000000 4.000000 0.000000 0.001172 0.216323 -1
0 -28.000000 0.000000 0.000000 0.001172 0.250559 -1
0 -26.000000 1.000000 0.000000 0.001172 0.242000 -1
0 -6.000000 -6.000000 0.000000 0.001172 0.301914 -1
0 -8.000000 -1.000000 0.000000 0.001172 0.259118 -1
0 -11.000000 -1.000000 0.000000 0.001172 0.259118 -1
0 -4.000000 -3.000000 0.000000 0.001172 0.276236 -1
0 -8.000000 -8.000000 0.000000 0.001172 0.319032 -1
0 -15.000000 -1.000000 0.000000 0.001172 0.259118 -1
0 -20.000000 -1.000000 0.000000 0.001172 0.259118 -1
0 -8.000000 -13.000000 0.000000 0.001172 0.361828 -1
0 -9.000000 -16.000000 0.000000 0.001172 0.387504 -1
0 -23.000000 3.000000 0.000000 0.001172 0.224881 -1
0 -23.000000 2.000000 0.000000 0.001172 0.233441 -1
0 -22.000000 1.000000 0.000000 0.001172 0.242000 -1
0 -22.000000 4.000000 0.000000 0.001172 0.216323 -1
0 -10.000000 4.000000 0.000000 0.001172 0.216323 -1
0 -10.000000 1.000000 0.000000 0.001172 0.242000 -1
0 -4.000000 -19.000000 0.000000 0.001172 0.413182 -1
0 -6.000000 -16.000000 0.000000 0.001172 0.387504 -1
0 -4.000000 -7.000000 0.000000 0.001172 0.310473 -1
1
0.000000 0.000000 1.000000
72
0 0 1 2 0 0 0 1
0 1 3 2 0 0 0 1
0 4 3 1 0 0 0 1
0 5 3 4 0 0 0 1
0 6 5 4 0 0 0 1
0 6 7 5 0 0 0 1
0 8 7 6 0 0 0 1
0 8 9 7 0 0 0 1
0 8 10 9 0 0 0 1
0 9 11 7 0 0 0 1
0 11 12 13 0 0 0 1
0 13 7 11 0 0 0 1
0 13 12 14 0 0 0 1
0 12 15 14 0 0 0 1
0 15 16 17 0 0 0 1
0 17 14 15 0 0 0 1
0 18 19 20 0 0 0 1
0 19 21 20 0 0 0 1
0 21 19 11 0 0 0 1
0 11 9 21 0 0 0 1
0 22 23 24 0 0 0 1
0 24 25 22 0 0 0 1
0 26 27 17 0 0 0 1
0 26 17 16 0 0 0 1
0 28 29 30 0 0 0 1
0 30 31 28 0 0 0 1
0 28 31 32 0 0 0 1
0 32 33 28 0 0 0 1
0 26 34 35 0 0 0 1
0 36 27 35 0 0 0 1
0 35 34 37 0 0 0 1
0 37 34 20 0 0 0 1
0 21 37 20 0 0 0 1
0 38 37 39 0 0 0 1
0 39 37 21 0 0 0 1
0 2 40 41 0 0 0 1
0 2 42 40 0 0 0 1
0 40 42 43 0 0 0 1
0 43 42 44 0 0 0 1
0 43 44 45 0 0 0 1
0 44 46 45 0 0 0 1
0 45 46 8 0 0 0 1
0 46 47 8 0 0 0 1
0 47 10 8 0 0 0 1
0 46 48 47 0 0 0 1
0 49 50 48 0 0 0 1
0 48 46 49 0 0 0 1
0 51 50 49 0 0 0 1
0 51 52 50 0 0 0 1
0 53 54 52 0 0 0 1
0 52 51 53 0 0 0 1
0 55 56 57 0 0 0 1
0 55 58 56 0 0 0 1
0 48 56 58 0 0 0 1
0 58 47 48 0 0 0 1
0 59 60 61 0 0 0 1
0 61 62 59 0 0 0 1
0 53 27 63 0 0 0 1
0 54 53 63 0 0 0 1
0 64 65 66 0 0 0 1
0 66 67 64 0 0 0 1
0 68 67 66 0 0 0 1
0 66 69 68 0 0 0 1
0 70 71 63 0 0 0 1
0 70 27 36 0 0 0 1
0 72 71 70 0 0 0 1
0 55 71 72 0 0 0 1
0 55 72 58 0 0 0 1
0 39 72 38 0 0 0 1
0 58 72 39 0 0 0 1
0 35 27 26 0 0 0 1
0 63 27 70 0 0 0 1
"Center" 0 1
59
0 0.000000 9.000000 0.000000 0.046494 0.003828 -1
0 4.000000 13.000000 0.000000 0.046484 0.003827 -1
0 0.000000 20.000000 0.000000 0.046064 0.003820 -1
0 3.000000 23.000000 0.000000 0.046063 0.003820 -1
0 4.000000 23.000000 0.000000 0.046063 0.003820 -1
0 -4.000000 13.000000 0.000000 0.046485 0.003828 -1
0 -0.000000 9.000000 0.000000 0.046494 0.003828 -1
0 -3.000000 23.000000 0.000000 0.046063 0.003820 -1
0 -4.000000 23.000000 0.000000 0.046063 0.003820 -1
0 0.000000 5.000000 0.000000 0.181877 0.005460 -1
0 0.000000 -7.000000 0.000000 0.182478 0.005464 -1
0 4.000000 -3.000000 0.000000 0.182490 0.005464 -1
0 4.000000 9.000000 0.000000 0.181873 0.005459 -1
0 -4.000000 -3.000000 0.000000 0.182490 0.005465 -1
0 -4.000000 9.000000 0.000000 0.181874 0.005460 -1
0 0.000000 -11.000000 0.000000 0.314131 0.009745 -1
0 0.000000 -23.000000 0.000000 0.314473 0.009747 -1
0 4.000000 -19.000000 0.000000 0.314359 0.009747 -1
0 4.000000 -7.000000 0.000000 0.314018 0.009744 -1
0 -4.000000 -19.000000 0.000000 0.314358 0.009747 -1
0 -4.000000 -7.000000 0.000000 0.314017 0.009745 -1
0 6.000000 -16.000000 0.000000 0.314273 0.009746 -1
0 9.000000 -16.000000 0.000000 0.314273 0.009746 -1
0 8.000000 -13.000000 0.000000 0.314188 0.009746 -1
0 8.000000 -8.000000 0.000000 0.314046 0.009744 -1
0 6.000000 -6.000000 0.000000 0.313989 0.009744 -1
0 15.000000 -1.000000 0.000000 0.313846 0.009743 -1
0 11.000000 -1.000000 0.000000 0.313846 0.009743 -1
0 20.000000 -1.000000 0.000000 0.313846 0.009743 -1
0 26.000000 1.000000 0.000000 0.313790 0.009741 -1
0 22.000000 1.000000 0.000000 0.313790 0.009742 -1
0 23.000000 2.000000 0.000000 0.313761 0.009742 -1
0 26.000000 4.000000 0.000000 0.313704 0.009741 -1
0 23.000000 3.000000 0.000000 0.313732 0.009742 -1
0 24.000000 6.000000 0.000000 0.313647 0.009741 -1
0 22.000000 4.000000 0.000000 0.313704 0.009741 -1
0 8.000000 6.000000 0.000000 0.313647 0.009741 -1
0 10.000000 4.000000 0.000000 0.313704 0.009742 -1
0 8.000000 -1.000000 0.000000 0.313846 0.009743 -1
0 10.000000 1.000000 0.000000 0.313790 0.009742 -1
0 -8.000000 -13.000000 0.000000 0.314188 0.009746 -1
0 -9.000000 -16.000000 0.000000 0.314274 0.009747 -1
0 -6.000000 -16.000000 0.000000 0.314274 0.009747 -1
0 -6.000000 -6.000000 0.000000 0.313988 0.009744 -1
0 -8.000000 -8.000000 0.000000 0.314046 0.009745 -1
0 -15.000000 -1.000000 0.000000 0.313846 0.009744 -1
0 -11.000000 -1.000000 0.000000 0.313846 0.009744 -1
0 -20.000000 -1.000000 0.000000 0.313846 0.009744 -1
0 -26.000000 1.000000 0.000000 0.313789 0.009744 -1
0 -22.000000 1.000000 0.000000 0.313789 0.009744 -1
0 -23.000000 2.000000 0.000000 0.313761 0.009743 -1
0 -26.000000 4.000000 0.000000 0.313704 0.009743 -1
0 -23.000000 3.000000 0.000000 0.313732 0.009743 -1
0 -24.000000 6.000000 0.000000 0.313647 0.009743 -1
0 -22.000000 4.000000 0.000000 0.313705 0.009743 -1
0 -8.000000 6.000000 0.000000 0.313647 0.009742 -1
0 -10.000000 4.000000 0.000000 0.313704 0.009743 -1
0 -10.000000 1.000000 0.000000 0.313790 0.009743 -1
0 -8.000000 -1.000000 0.000000 0.313846 0.009744 -1
1
0.000000 0.000000 1.000000
56
0 0 1 2 0 0 0 1
0 2 1 3 0 0 0 1
0 3 1 4 0 0 0 1
0 2 5 6 0 0 0 1
0 7 5 2 0 0 0 1
0 8 5 7 0 0 0 1
0 9 10 11 0 0 0 1
0 11 12 9 0 0 0 1
0 13 10 9 0 0 0 1
0 9 14 13 0 0 0 1
0 15 16 17 0 0 0 1
0 17 18 15 0 0 0 1
0 19 16 15 0 0 0 1
0 15 20 19 0 0 0 1
0 21 22 23 0 0 0 1
0 23 24 25 0 0 0 1
0 25 21 23 0 0 0 1
0 25 24 26 0 0 0 1
0 26 27 25 0 0 0 1
0 23 22 28 0 0 0 1
0 28 22 29 0 0 0 1
0 28 29 30 0 0 0 1
0 30 29 31 0 0 0 1
0 32 31 29 0 0 0 1
0 31 32 33 0 0 0 1
0 33 32 34 0 0 0 1
0 33 34 35 0 0 0 1
0 35 34 36 0 0 0 1
0 37 35 36 0 0 0 1
0 36 38 39 0 0 0 1
0 39 37 36 0 0 0 1
0 38 27 39 0 0 0 1
0 39 27 26 0 0 0 1
0 30 26 28 0 0 0 1
0 30 39 26 0 0 0 1
0 40 41 42 0 0 0 1
0 43 44 40 0 0 0 1
0 40 42 43 0 0 0 1
0 45 44 43 0 0 0 1
0 43 46 45 0 0 0 1
0 47 41 40 0 0 0 1
0 48 41 47 0 0 0 1
0 49 48 47 0 0 0 1
0 50 48 49 0 0 0 1
0 48 50 51 0 0 0 1
0 52 51 50 0 0 0 1
0 53 51 52 0 0 0 1
0 54 53 52 0 0 0 1
0 55 53 54 0 0 0 1
0 55 54 56 0 0 0 1
0 57 58 55 0 0 0 1
0 55 56 57 0 0 0 1
0 57 46 58 0 0 0 1
0 45 46 57 0 0 0 1
0 47 45 49 0 0 0 1
0 45 57 49 0 0 0 1

Materials: 2
"colours"
0.200000 0.200000 0.200000 1.000000
0.800000 0.800000 0.800000 1.000000
0.000000 0.000000 0.000000 1.000000
0.000000 0.000000 0.000000 1.000000
0.000000
1.000000
"textures\colours.ini"
""
"frame"
0.200000 0.200000 0.200000 1.000000
0.800000 0.800000 0.800000 1.000000
0.000000 0.000000 0.000000 1.000000
0.000000 0.000000 0.000000 1.000000
0.000000
1.000000
"textures\frame.ini"
""

Bones: 0
GroupComments: 0
MaterialComments: 0
BoneComments: 0
ModelComment: 0
