// MilkShape 3D ASCII

Frames: 30
Frame: 1

Meshes: 3
"FRAME" 1 0
38
33 30.002598 0.617850 0.000000 0.196559 0.492912 -1
33 -0.005618 -26.791178 0.000000 0.128224 0.744397 -1
33 -0.027840 -29.346733 0.000000 0.128174 0.767843 -1
33 27.994381 1.142156 0.000000 0.191985 0.488101 -1
33 29.993954 7.349849 0.000000 0.196539 0.431144 -1
33 27.993954 6.772925 0.000000 0.191984 0.436437 -1
33 24.301645 13.022925 0.000000 0.183576 0.379092 -1
33 23.763184 11.061386 0.000000 0.182350 0.397090 -1
33 18.243954 11.061386 0.000000 0.169782 0.397090 -1
33 17.648163 13.022200 0.000000 0.168425 0.379099 -1
33 10.013184 5.349848 0.000000 0.151039 0.449495 -1
33 9.974722 2.753695 0.000000 0.150951 0.473315 -1
33 8.030727 1.064761 0.000000 0.146525 0.488812 -1
33 9.990581 1.061387 0.000000 0.150988 0.488843 -1
33 10.021238 30.995874 0.000000 0.151057 0.214186 -1
33 8.003382 29.062630 0.000000 0.146462 0.231924 -1
33 5.535640 30.998114 0.000000 0.140843 0.214165 -1
33 6.148543 29.078758 0.000000 0.142239 0.231776 -1
33 0.096712 25.507038 0.000000 0.128457 0.264547 -1
33 0.669181 23.568716 0.000000 0.129761 0.282332 -1
33 -0.111306 25.508442 0.000000 0.127984 0.264535 -1
33 -0.672282 23.568716 0.000000 0.126706 0.282332 -1
33 -5.617743 31.004734 0.000000 0.115445 0.214105 -1
33 -6.160087 29.080910 0.000000 0.114210 0.231756 -1
33 -10.020032 31.005335 0.000000 0.105420 0.214099 -1
33 -8.013745 29.032129 0.000000 0.109988 0.232204 -1
33 -10.021488 5.342156 0.000000 0.105416 0.449565 -1
33 -10.005615 1.078267 0.000000 0.105453 0.488688 -1
33 -8.027332 1.075489 0.000000 0.109957 0.488713 -1
33 -17.694506 13.031044 0.000000 0.087944 0.379018 -1
33 -18.250061 11.075489 0.000000 0.086678 0.396960 -1
33 -10.005615 2.808823 0.000000 0.105453 0.472809 -1
33 -24.361172 13.028207 0.000000 0.072762 0.379044 -1
33 -23.783394 11.075489 0.000000 0.074078 0.396960 -1
33 -29.983395 7.297711 0.000000 0.059960 0.431622 -1
33 -28.027840 6.786600 0.000000 0.064413 0.436312 -1
33 -29.983397 0.564378 0.000000 0.059960 0.493403 -1
33 -28.027840 1.186600 0.000000 0.064413 0.487693 -1
1
0.000000 0.000000 1.000000
39
1 0 1 2 0 0 0 1
1 1 0 3 0 0 0 1
1 4 3 0 0 0 0 1
1 3 4 5 0 0 0 1
1 6 5 4 0 0 0 1
1 6 7 5 0 0 0 1
1 7 6 8 0 0 0 1
1 9 8 6 0 0 0 1
1 8 9 10 0 0 0 1
1 8 10 11 0 0 0 1
1 12 13 11 0 0 0 1
1 12 11 10 0 0 0 1
1 14 15 12 0 0 0 1
1 14 12 10 0 0 0 1
1 15 14 16 0 0 0 1
1 17 15 16 0 0 0 1
1 18 17 16 0 0 0 1
1 17 18 19 0 0 0 1
1 19 18 20 0 0 0 1
1 19 20 21 0 0 0 1
1 22 23 21 0 0 0 1
1 22 21 20 0 0 0 1
1 23 22 24 0 0 0 1
1 23 24 25 0 0 0 1
1 26 25 24 0 0 0 1
1 26 27 28 0 0 0 1
1 26 28 25 0 0 0 1
1 29 30 26 0 0 0 1
1 31 26 30 0 0 0 1
1 30 29 32 0 0 0 1
1 32 33 30 0 0 0 1
1 34 35 32 0 0 0 1
1 33 32 35 0 0 0 1
1 35 34 36 0 0 0 1
1 35 36 37 0 0 0 1
1 1 37 36 0 0 0 1
1 1 37 36 0 0 0 1
1 36 2 1 0 0 0 1
1 26 27 28 0 0 0 1
"ARROW" 0 0
50
32 -0.018692 -26.836531 0.000000 0.547087 0.234323 -1
32 27.995420 1.121985 0.000000 0.559089 0.120005 -1
32 -0.032126 -20.595287 0.000000 0.547102 0.209180 -1
32 23.223688 2.590760 0.000000 0.557047 0.114304 -1
32 -28.035830 1.166492 0.000000 0.535125 0.120132 -1
32 -23.264685 2.614015 0.000000 0.537166 0.114209 -1
32 23.223688 4.753551 0.000000 0.557047 0.105454 -1
32 27.994473 6.819901 0.000000 0.559076 0.097371 -1
32 21.688805 6.241922 0.000000 0.556392 0.099364 -1
32 23.745420 11.072742 0.000000 0.557271 0.079596 -1
32 19.665550 6.265179 0.000000 0.555526 0.099269 -1
32 18.197412 11.070477 0.000000 0.554893 0.079724 -1
32 9.995420 2.853992 0.000000 0.551391 0.113227 -1
32 9.995420 1.041492 0.000000 0.551391 0.120644 -1
32 8.432991 -4.944124 0.000000 0.550722 0.145137 -1
32 5.828340 -4.967380 0.000000 0.549609 0.145232 -1
32 8.018677 1.041492 0.000000 0.550546 0.120644 -1
32 3.921364 7.102387 0.000000 0.548793 0.095843 -1
32 3.967875 -3.316217 0.000000 0.548813 0.138475 -1
32 1.851596 -8.990635 0.000000 0.547908 0.161695 -1
32 -0.032125 -7.199938 0.000000 0.547102 0.154367 -1
32 -1.869335 -8.944123 0.000000 0.546316 0.161505 -1
32 -5.776311 -5.013891 0.000000 0.544645 0.145422 -1
32 -4.008869 -3.223193 0.000000 0.545401 0.138095 -1
32 -8.450729 -4.944124 0.000000 0.543502 0.145137 -1
32 -8.035830 1.135242 0.000000 0.543679 0.120260 -1
32 -3.962357 7.125644 0.000000 0.545421 0.095748 -1
32 -9.973330 1.135242 0.000000 0.542850 0.120260 -1
32 -9.990087 2.820478 0.000000 0.542837 0.113483 -1
32 -19.683289 6.265177 0.000000 0.538698 0.099269 -1
32 -18.273602 11.087235 0.000000 0.539282 0.079596 -1
32 -21.729799 6.288433 0.000000 0.537823 0.099174 -1
32 -23.817080 11.084971 0.000000 0.536930 0.079724 -1
32 -23.264683 4.730293 0.000000 0.537166 0.105549 -1
32 -28.022438 6.791492 0.000000 0.535139 0.097115 -1
32 3.967875 10.707040 0.000000 0.548813 0.081093 -1
32 -0.032125 6.800063 0.000000 0.547102 0.097080 -1
32 1.851596 5.009365 0.000000 0.547908 0.104408 -1
32 -1.892590 5.009365 0.000000 0.546306 0.104408 -1
32 -4.008869 10.800063 0.000000 0.545401 0.080712 -1
32 8.013716 29.084822 0.000000 0.550544 0.005892 -1
32 3.921364 21.148899 0.000000 0.548793 0.038365 -1
32 6.127161 29.076420 0.000000 0.549736 0.005926 -1
32 -8.017698 29.062906 0.000000 0.543687 0.005982 -1
32 -3.987965 21.148899 0.000000 0.545410 0.038365 -1
32 -6.147348 29.056810 0.000000 0.544487 0.006006 -1
32 -0.657153 23.547007 0.000000 0.546835 0.028553 -1
32 -1.892590 19.032621 0.000000 0.546306 0.047025 -1
32 0.695788 23.586224 0.000000 0.547413 0.028392 -1
32 1.840360 19.034187 0.000000 0.547902 0.047019 -1
1
0.000000 0.000000 1.000000
54
0 0 1 2 0 0 0 1
0 3 2 1 0 0 0 1
0 4 0 5 0 0 0 1
0 2 5 0 0 0 0 1
0 6 3 1 0 0 0 1
0 1 7 6 0 0 0 1
0 8 6 7 0 0 0 1
0 7 9 8 0 0 0 1
0 10 8 9 0 0 0 1
0 9 11 10 0 0 0 1
0 12 13 10 0 0 0 1
0 11 12 10 0 0 0 1
0 14 10 13 0 0 0 1
0 15 14 13 0 0 0 1
0 13 16 15 0 0 0 1
0 17 18 15 0 0 0 1
0 17 15 16 0 0 0 1
0 18 19 15 0 0 0 1
0 18 20 19 0 0 0 1
0 20 21 19 0 0 0 1
0 20 22 21 0 0 0 1
0 20 23 22 0 0 0 1
0 24 22 25 0 0 0 1
0 22 23 26 0 0 0 1
0 25 22 26 0 0 0 1
0 25 27 24 0 0 0 1
0 27 28 29 0 0 0 1
0 27 29 24 0 0 0 1
0 28 30 29 0 0 0 1
0 31 29 30 0 0 0 1
0 30 32 31 0 0 0 1
0 33 31 32 0 0 0 1
0 32 34 33 0 0 0 1
0 5 33 34 0 0 0 1
0 34 4 5 0 0 0 1
0 35 17 16 0 0 0 1
0 36 37 17 0 0 0 1
0 35 36 17 0 0 0 1
0 36 38 37 0 0 0 1
0 39 26 38 0 0 0 1
0 38 36 39 0 0 0 1
0 25 26 39 0 0 0 1
0 35 16 40 0 0 0 1
0 41 35 40 0 0 0 1
0 40 42 41 0 0 0 1
0 43 25 39 0 0 0 1
0 43 39 44 0 0 0 1
0 45 43 44 0 0 0 1
0 46 45 47 0 0 0 1
0 45 44 47 0 0 0 1
0 48 46 49 0 0 0 1
0 46 47 49 0 0 0 1
0 42 49 41 0 0 0 1
0 42 48 49 0 0 0 1
"CENTER" 0 0
29
0 1.833209 -8.960762 0.000000 0.518359 0.009375 -1
0 -1.785791 -8.960762 0.000000 0.518359 0.009375 -1
0 -0.010830 -20.670576 0.000000 0.518359 0.009375 -1
0 5.797371 -4.954339 0.000000 0.518359 0.009375 -1
0 8.444429 -4.924927 0.000000 0.518359 0.009375 -1
0 19.655033 6.251544 0.000000 0.518359 0.009375 -1
0 21.679724 6.251544 0.000000 0.518359 0.009375 -1
0 23.233227 2.559922 0.000000 0.518359 0.009375 -1
0 23.223221 4.706805 0.000000 0.518359 0.009375 -1
0 -5.820273 -4.954338 0.000000 0.518359 0.009375 -1
0 -8.467332 -4.954338 0.000000 0.518359 0.009375 -1
0 -19.702627 6.280956 0.000000 0.518359 0.009375 -1
0 -21.673216 6.251544 0.000000 0.518359 0.009375 -1
0 -23.259771 4.664990 0.000000 0.518359 0.009375 -1
0 -23.260611 2.576754 0.000000 0.518359 0.009375 -1
0 -0.011669 -7.278746 0.000000 0.510156 0.009375 -1
0 1.826786 5.016250 0.000000 0.510156 0.009375 -1
0 -1.879096 5.045661 0.000000 0.510156 0.009375 -1
0 -4.011669 -3.278746 0.000000 0.510156 0.009375 -1
0 -3.981818 7.149261 0.000000 0.510156 0.009375 -1
0 4.004574 -3.337569 0.000000 0.510156 0.009375 -1
0 3.959797 7.149261 0.000000 0.510156 0.009375 -1
0 3.987920 21.195152 0.000000 0.503906 0.010937 -1
0 1.830563 19.064821 0.000000 0.503906 0.010937 -1
0 3.992724 10.745302 0.000000 0.503906 0.010937 -1
0 -0.007276 6.772329 0.000000 0.503906 0.010937 -1
0 -1.845113 19.069626 0.000000 0.503906 0.010937 -1
0 -4.007276 10.745302 0.000000 0.503906 0.010937 -1
0 -3.980248 21.150707 0.000000 0.503906 0.010937 -1
1
0.000000 0.000000 1.000000
23
0 0 1 2 0 0 0 1
0 0 2 3 0 0 0 1
0 2 4 3 0 0 0 1
0 2 5 4 0 0 0 1
0 2 6 5 0 0 0 1
0 2 7 8 0 0 0 1
0 2 8 6 0 0 0 1
0 1 9 2 0 0 0 1
0 9 10 2 0 0 0 1
0 10 11 2 0 0 0 1
0 11 12 2 0 0 0 1
0 13 14 2 0 0 0 1
0 12 13 2 0 0 0 1
0 15 16 17 0 0 0 1
0 18 15 17 0 0 0 1
0 19 18 17 0 0 0 1
0 20 21 16 0 0 0 1
0 15 20 16 0 0 0 1
0 22 23 24 0 0 0 1
0 23 25 24 0 0 0 1
0 25 23 26 0 0 0 1
0 26 27 25 0 0 0 1
0 27 26 28 0 0 0 1

Materials: 1
"mipmap"
0.200000 0.200000 0.200000 1.000000
0.800000 0.800000 0.800000 1.000000
0.000000 0.000000 0.000000 1.000000
0.000000 0.000000 0.000000 1.000000
0.000000
1.000000
"textures/Tap Note parts (mipmaps).ini"
""

Bones: 0
GroupComments: 0
MaterialComments: 0
BoneComments: 0
ModelComment: 0
