// MilkShape 3D ASCII

Frames: 30
Frame: 1

Meshes: 5
"FRAME" 1 1
34
33 -1.855353 18.461613 0.000000 0.751153 0.309607 -1
33 -1.105353 16.911613 0.000000 0.754270 0.323154 -1
33 1.819647 18.461613 0.000000 0.766426 0.309607 -1
33 1.019647 16.911613 0.000000 0.763101 0.323154 -1
33 5.719647 14.561613 0.000000 0.782633 0.343694 -1
33 4.144647 13.811613 0.000000 0.776088 0.350249 -1
33 4.119647 -1.088387 0.000000 0.775984 0.480480 -1
33 5.719647 -1.088387 0.000000 0.782633 0.480480 -1
33 5.794647 2.261613 0.000000 0.782945 0.451199 -1
33 5.731842 -0.174362 0.000000 0.782684 0.472491 -1
33 9.419647 5.861613 0.000000 0.798010 0.419734 -1
33 10.181698 4.275954 0.000000 0.801176 0.433594 -1
33 13.719646 5.861613 0.000000 0.815879 0.419734 -1
33 12.994646 4.261613 0.000000 0.812866 0.433719 -1
33 16.993456 2.561613 0.000000 0.829485 0.448577 -1
33 15.369646 1.786613 0.000000 0.822737 0.455351 -1
33 16.994646 -1.738387 0.000000 0.829490 0.486161 -1
33 15.369646 -0.988387 0.000000 0.822737 0.479605 -1
33 -0.005353 -18.613388 0.000000 0.758841 0.633653 -1
33 -0.021449 -16.306881 0.000000 0.758774 0.613493 -1
33 -17.005354 -1.713387 0.000000 0.688193 0.485942 -1
33 -15.355353 -0.963387 0.000000 0.695050 0.479387 -1
33 -15.380354 1.836612 0.000000 0.694946 0.454914 -1
33 -17.005354 2.586612 0.000000 0.688193 0.448359 -1
33 -13.730353 5.864390 0.000000 0.701803 0.419710 -1
33 -12.955353 4.236612 0.000000 0.705024 0.433937 -1
33 -9.455353 5.861612 0.000000 0.719569 0.419734 -1
33 -10.130354 4.261612 0.000000 0.716764 0.433719 -1
33 -5.755353 2.236613 0.000000 0.734945 0.451418 -1
33 -5.780353 -0.138387 0.000000 0.734842 0.472176 -1
33 -5.755353 -1.138388 0.000000 0.734945 0.480917 -1
33 -4.130353 -1.113388 0.000000 0.741699 0.480698 -1
33 -4.130354 13.836613 0.000000 0.741699 0.350031 -1
33 -5.755354 14.586613 0.000000 0.734945 0.343475 -1
1
0.000000 0.000000 1.000000
34
1 0 1 2 0 0 0 1
1 3 2 1 0 0 0 1
1 2 3 4 0 0 0 1
1 3 5 4 0 0 0 1
1 5 6 7 0 0 0 1
1 8 4 5 0 0 0 1
1 5 9 8 0 0 0 1
1 5 7 9 0 0 0 1
1 10 8 9 0 0 0 1
1 11 10 9 0 0 0 1
1 11 12 10 0 0 0 1
1 12 11 13 0 0 0 1
1 12 13 14 0 0 0 1
1 15 14 13 0 0 0 1
1 14 15 16 0 0 0 1
1 15 17 16 0 0 0 1
1 18 16 17 0 0 0 1
1 19 18 17 0 0 0 1
1 18 19 20 0 0 0 1
1 19 21 20 0 0 0 1
1 22 23 20 0 0 0 1
1 22 20 21 0 0 0 1
1 23 22 24 0 0 0 1
1 25 24 22 0 0 0 1
1 24 25 26 0 0 0 1
1 27 26 25 0 0 0 1
1 26 27 28 0 0 0 1
1 27 29 28 0 0 0 1
1 29 30 31 0 0 0 1
1 29 31 28 0 0 0 1
1 32 28 31 0 0 0 1
1 28 32 33 0 0 0 1
1 33 32 0 0 0 0 1
1 32 1 0 0 0 0 1
"ARROW" 0 0
49
32 -1.102457 16.925694 0.000000 0.000586 0.004104 -1
32 -0.347740 14.869089 0.000000 0.000586 0.034512 -1
32 0.331505 14.862049 0.000000 0.000586 0.034616 -1
32 1.067354 16.906826 0.000000 0.000586 0.004383 -1
32 4.123958 13.869089 0.000000 0.000586 0.049298 -1
32 2.618467 12.564105 0.000000 0.000586 0.068593 -1
32 2.619503 7.943512 0.000000 0.000586 0.136912 -1
32 2.608712 5.034957 0.000000 0.000586 0.179917 -1
32 4.142826 -1.099308 0.000000 0.000586 0.270617 -1
32 2.618467 -1.950118 0.000000 0.000586 0.283196 -1
32 -0.045854 -4.553046 0.000000 0.000586 0.321683 -1
32 0.991882 -6.602610 0.000000 0.000586 0.351988 -1
32 4.331506 -3.244119 0.000000 0.000586 0.302329 -1
32 5.746600 -1.093176 0.000000 0.000586 0.270526 -1
32 5.595656 -3.243433 0.000000 0.000586 0.302319 -1
32 11.029619 2.266001 0.000000 0.000586 0.220859 -1
32 5.746600 -0.168647 0.000000 0.000586 0.256857 -1
32 10.185683 4.284722 0.000000 0.000586 0.191010 -1
32 12.954147 4.284183 0.000000 0.000586 0.191018 -1
32 12.312637 2.265315 0.000000 0.000586 0.220869 -1
32 15.383527 1.869089 0.000000 0.000586 0.226727 -1
32 13.369242 1.189843 0.000000 0.000586 0.236770 -1
32 13.370614 -0.074308 0.000000 0.000586 0.255462 -1
32 15.388109 -0.942232 0.000000 0.000586 0.268294 -1
32 0.002001 -13.419673 0.000000 0.000586 0.452782 -1
32 -0.008117 -16.302092 0.000000 0.000586 0.495402 -1
32 -15.385475 -0.923365 0.000000 0.000586 0.268016 -1
32 -13.385475 -0.074308 0.000000 0.000586 0.255462 -1
32 -15.382736 1.871827 0.000000 0.000586 0.226687 -1
32 -13.386161 1.209397 0.000000 0.000586 0.236481 -1
32 -12.989249 4.246447 0.000000 0.000586 0.191576 -1
32 -12.366608 2.227579 0.000000 0.000586 0.221427 -1
32 -10.146163 4.259105 0.000000 0.000586 0.191389 -1
32 -11.045853 2.238728 0.000000 0.000586 0.221262 -1
32 -5.781702 -1.055440 0.000000 0.000586 0.269968 -1
32 -5.762835 -0.149780 0.000000 0.000586 0.256578 -1
32 -5.630759 -3.206384 0.000000 0.000586 0.301771 -1
32 -4.291136 -3.225251 0.000000 0.000586 0.302051 -1
32 -4.159061 -1.093176 0.000000 0.000586 0.270526 -1
32 -0.989250 -6.602610 0.000000 0.000586 0.351988 -1
32 -2.635738 -2.083218 0.000000 0.000586 0.285165 -1
32 -2.631796 5.048013 0.000000 0.000586 0.179725 -1
32 -2.620353 7.976269 0.000000 0.000586 0.136428 -1
32 0.290207 5.605318 0.000000 0.000586 0.171484 -1
32 0.693938 3.126199 0.000000 0.000586 0.208140 -1
32 -0.347741 5.604938 0.000000 0.000586 0.171490 -1
32 -0.740024 3.126199 0.000000 0.000586 0.208140 -1
32 -4.121325 13.869088 0.000000 0.000586 0.049298 -1
32 -2.630759 12.567202 0.000000 0.000586 0.068547 -1
1
0.000000 0.000000 1.000000
53
0 0 1 2 0 0 0 1
0 0 2 3 0 0 0 1
0 4 3 2 0 0 0 1
0 2 5 4 0 0 0 1
0 6 4 5 0 0 0 1
0 4 6 7 0 0 0 1
0 4 7 8 0 0 0 1
0 7 9 8 0 0 0 1
0 9 10 11 0 0 0 1
0 11 12 9 0 0 0 1
0 12 8 9 0 0 0 1
0 8 12 13 0 0 0 1
0 14 13 12 0 0 0 1
0 15 16 13 0 0 0 1
0 13 14 15 0 0 0 1
0 16 15 17 0 0 0 1
0 18 17 15 0 0 0 1
0 15 19 18 0 0 0 1
0 20 18 19 0 0 0 1
0 19 21 20 0 0 0 1
0 21 22 23 0 0 0 1
0 23 20 21 0 0 0 1
0 24 23 22 0 0 0 1
0 23 24 25 0 0 0 1
0 26 25 24 0 0 0 1
0 27 26 24 0 0 0 1
0 26 27 28 0 0 0 1
0 27 29 28 0 0 0 1
0 30 28 29 0 0 0 1
0 29 31 30 0 0 0 1
0 32 30 31 0 0 0 1
0 31 33 32 0 0 0 1
0 34 32 33 0 0 0 1
0 32 34 35 0 0 0 1
0 33 36 34 0 0 0 1
0 37 34 36 0 0 0 1
0 37 38 34 0 0 0 1
0 11 10 39 0 0 0 1
0 39 10 40 0 0 0 1
0 37 39 40 0 0 0 1
0 38 37 40 0 0 0 1
0 38 40 41 0 0 0 1
0 38 41 42 0 0 0 1
0 43 7 6 0 0 0 1
0 43 44 7 0 0 0 1
0 43 45 44 0 0 0 1
0 46 44 45 0 0 0 1
0 46 45 42 0 0 0 1
0 41 46 42 0 0 0 1
0 38 42 47 0 0 0 1
0 42 48 47 0 0 0 1
0 47 48 0 0 0 0 1
0 48 1 0 0 0 0 1
"CENTER 1" 0 1
8
32 -0.349075 14.857777 0.000000 0.051563 0.006250 -1
32 -2.641645 12.553597 0.000000 0.051563 0.006250 -1
32 -2.638549 7.910408 0.000000 0.051563 0.006250 -1
32 -0.401706 5.620934 0.000000 0.051563 0.006250 -1
32 0.294699 14.856639 0.000000 0.051563 0.006250 -1
32 0.335136 5.620934 0.000000 0.051563 0.006250 -1
32 2.586684 7.918922 0.000000 0.051563 0.006250 -1
32 2.598293 12.568303 0.000000 0.051563 0.006250 -1
1
0.000000 0.000000 1.000000
6
0 0 1 2 0 0 0 1
0 0 2 3 0 0 0 1
0 0 3 4 0 0 0 1
0 5 4 3 0 0 0 1
0 4 5 6 0 0 0 1
0 4 6 7 0 0 0 1
"CENTER 2" 0 1
7
32 -2.629086 5.051063 0.000000 0.185156 0.006250 -1
32 -2.633253 -2.019771 0.000000 0.185156 0.006250 -1
32 -0.715709 3.165317 0.000000 0.185156 0.006250 -1
32 -0.065709 -4.572403 0.000000 0.185156 0.006250 -1
32 0.666747 3.180229 0.000000 0.185156 0.006250 -1
32 2.616747 -1.919772 0.000000 0.185156 0.006250 -1
32 2.612581 5.046896 0.000000 0.185156 0.006250 -1
1
0.000000 0.000000 1.000000
5
0 0 1 2 0 0 0 1
0 3 2 1 0 0 0 1
0 2 3 4 0 0 0 1
0 5 4 3 0 0 0 1
0 4 5 6 0 0 0 1
"CENTER 3" 0 1
15
32 -12.366724 2.240217 0.000000 0.314844 0.007813 -1
32 -13.396135 1.210806 0.000000 0.314844 0.007813 -1
32 -13.398982 -0.024489 0.000000 0.314844 0.007813 -1
32 -11.043194 2.240217 0.000000 0.314844 0.007813 -1
32 -5.615300 -3.243653 0.000000 0.314844 0.007813 -1
32 -0.013783 -13.425817 0.000000 0.314844 0.007813 -1
32 -4.307900 -3.230371 0.000000 0.314844 0.007813 -1
32 -1.013782 -6.642136 0.000000 0.314844 0.007813 -1
32 0.956806 -6.639289 0.000000 0.314844 0.007813 -1
32 4.221512 -3.289195 0.000000 0.314844 0.007813 -1
32 5.515630 -3.289195 0.000000 0.314844 0.007813 -1
32 11.015629 2.269629 0.000000 0.314844 0.007813 -1
32 12.339159 2.269629 0.000000 0.314844 0.007813 -1
32 13.339159 1.269629 0.000000 0.314844 0.007813 -1
32 13.339159 -0.053900 0.000000 0.314844 0.007813 -1
1
0.000000 0.000000 1.000000
13
0 0 1 2 0 0 0 1
0 0 2 3 0 0 0 1
0 4 3 2 0 0 0 1
0 5 4 2 0 0 0 1
0 5 6 4 0 0 0 1
0 6 5 7 0 0 0 1
0 8 7 5 0 0 0 1
0 9 8 5 0 0 0 1
0 10 9 5 0 0 0 1
0 11 10 5 0 0 0 1
0 12 11 5 0 0 0 1
0 13 12 5 0 0 0 1
0 5 14 13 0 0 0 1

Materials: 2
"colours"
0.200000 0.200000 0.200000 1.000000
0.800000 0.800000 0.800000 1.000000
0.000000 0.000000 0.000000 1.000000
0.000000 0.000000 0.000000 1.000000
0.000000
1.000000
"textures\colours.ini"
""
"frame"
0.200000 0.200000 0.200000 1.000000
0.800000 0.800000 0.800000 1.000000
0.000000 0.000000 0.000000 1.000000
0.000000 0.000000 0.000000 1.000000
0.000000
1.000000
"textures\frame.ini"
""

Bones: 0
GroupComments: 0
MaterialComments: 0
BoneComments: 0
ModelComment: 0
