// MilkShape 3D ASCII

Frames: 30
Frame: 1

Meshes: 2
"FRAME" 1 1
8
33 -1.997122 1.989101 0.000000 0.714844 0.365625 -1
33 -1.992000 -2.000553 0.000000 0.714951 0.593297 -1
33 -0.893640 -0.874571 0.000000 0.737840 0.529042 -1
33 -0.893640 0.916325 0.000000 0.737840 0.426844 -1
33 0.888549 -0.870113 0.000000 0.774978 0.528788 -1
33 1.986202 -2.006420 0.000000 0.797852 0.593632 -1
33 0.893246 0.907096 0.000000 0.775076 0.427370 -1
33 1.991606 1.982771 0.000000 0.797965 0.365986 -1
1
0.000000 0.000000 1.000000
8
1 0 1 2 0 0 0 1
1 2 3 0 0 0 0 1
1 4 2 1 0 0 0 1
1 5 4 1 0 0 0 1
1 6 4 5 0 0 0 1
1 5 7 6 0 0 0 1
1 0 6 7 0 0 0 1
1 0 3 6 0 0 0 1
"ARROW" 0 0
4
32 -0.895858 0.915183 0.000000 0.000640 0.005677 -1
32 -0.898861 -0.875396 0.000000 0.000640 0.495113 -1
32 0.890379 0.905924 0.000000 0.000640 0.008206 -1
32 0.891505 -0.869778 0.000000 0.000640 0.493578 -1
1
0.000000 0.000000 1.000000
2
0 0 1 2 0 0 0 1
0 1 3 2 0 0 0 1

Materials: 2
"colours"
0.200000 0.200000 0.200000 1.000000
0.800000 0.800000 0.800000 1.000000
0.000000 0.000000 0.000000 1.000000
0.000000 0.000000 0.000000 1.000000
0.000000
1.000000
"textures\colours.ini"
""
"frame"
0.200000 0.200000 0.200000 1.000000
0.800000 0.800000 0.800000 1.000000
0.000000 0.000000 0.000000 1.000000
0.000000 0.000000 0.000000 1.000000
0.000000
1.000000
"textures\frame.ini"
""

Bones: 0
GroupComments: 0
MaterialComments: 0
BoneComments: 0
ModelComment: 0
