// MilkShape 3D ASCII

Frames: 30
Frame: 1

Meshes: 3
"Frame" 1 0
102
1 10.000000 31.000000 0.000000 0.157936 0.060692 -1
1 6.000000 31.000000 0.000000 0.146487 0.060692 -1
1 8.000000 29.000000 0.000000 0.152211 0.084033 -1
1 18.000000 12.000000 0.000000 0.180833 0.282431 -1
1 10.000000 4.000000 0.000000 0.157936 0.375794 -1
1 19.000000 10.000000 0.000000 0.183696 0.305772 -1
1 24.000000 12.000000 0.000000 0.198007 0.282431 -1
1 18.000000 12.000000 0.000000 0.180833 0.282431 -1
1 23.000000 10.000000 0.000000 0.195145 0.305772 -1
1 19.000000 10.000000 0.000000 0.183696 0.305772 -1
1 23.000000 10.000000 0.000000 0.195145 0.305772 -1
1 18.000000 12.000000 0.000000 0.180833 0.282431 -1
1 30.000000 6.000000 0.000000 0.215180 0.352453 -1
1 24.000000 12.000000 0.000000 0.198007 0.282431 -1
1 28.000000 5.000000 0.000000 0.209456 0.364124 -1
1 23.000000 10.000000 0.000000 0.195145 0.305772 -1
1 28.000000 5.000000 0.000000 0.209456 0.364124 -1
1 24.000000 12.000000 0.000000 0.198007 0.282431 -1
1 30.000000 6.000000 0.000000 0.215180 0.352453 -1
1 28.000000 5.000000 0.000000 0.209456 0.364124 -1
1 30.000000 0.000000 0.000000 0.215180 0.422476 -1
1 28.000000 1.000000 0.000000 0.209456 0.410806 -1
1 30.000000 0.000000 0.000000 0.215180 0.422476 -1
1 28.000000 5.000000 0.000000 0.209456 0.364124 -1
1 0.000000 -30.000000 0.000000 0.129313 0.772590 -1
1 30.000000 0.000000 0.000000 0.215180 0.422476 -1
1 0.000000 -27.000000 0.000000 0.129313 0.737578 -1
1 28.000000 1.000000 0.000000 0.209456 0.410806 -1
1 0.000000 -27.000000 0.000000 0.129313 0.737578 -1
1 30.000000 0.000000 0.000000 0.215180 0.422476 -1
1 10.000000 4.000000 0.000000 0.157936 0.375794 -1
1 10.000000 1.000000 0.000000 0.157936 0.410806 -1
1 19.000000 10.000000 0.000000 0.183696 0.305772 -1
1 6.000000 31.000000 0.000000 0.146487 0.060692 -1
1 0.000000 23.000000 0.000000 0.129313 0.154056 -1
1 8.000000 29.000000 0.000000 0.152211 0.084033 -1
1 0.000000 23.000000 0.000000 0.129313 0.154056 -1
1 6.000000 31.000000 0.000000 0.146487 0.060692 -1
1 0.000000 26.000000 0.000000 0.129313 0.119044 -1
1 10.000000 1.000000 0.000000 0.157936 0.410806 -1
1 8.000000 0.000000 0.000000 0.152211 0.422476 -1
1 10.000000 0.000000 0.000000 0.157936 0.422476 -1
1 10.000000 4.000000 0.000000 0.157936 0.375794 -1
1 8.000000 0.000000 0.000000 0.152211 0.422476 -1
1 10.000000 1.000000 0.000000 0.157936 0.410806 -1
1 8.000000 29.000000 0.000000 0.152211 0.084033 -1
1 8.000000 0.000000 0.000000 0.152211 0.422476 -1
1 10.000000 4.000000 0.000000 0.157936 0.375794 -1
1 10.000000 4.000000 0.000000 0.157936 0.375794 -1
1 10.000000 31.000000 0.000000 0.157936 0.060692 -1
1 8.000000 29.000000 0.000000 0.152211 0.084033 -1
1 -8.000000 29.000000 0.000000 0.106415 0.084033 -1
1 -6.000000 31.000000 0.000000 0.112140 0.060692 -1
1 -10.000000 31.000000 0.000000 0.100691 0.060692 -1
1 -19.000000 10.000000 0.000000 0.074930 0.305772 -1
1 -10.000000 4.000000 0.000000 0.100691 0.375794 -1
1 -18.000000 12.000000 0.000000 0.077793 0.282431 -1
1 -23.000000 10.000000 0.000000 0.063481 0.305772 -1
1 -18.000000 12.000000 0.000000 0.077793 0.282431 -1
1 -24.000000 12.000000 0.000000 0.060619 0.282431 -1
1 -18.000000 12.000000 0.000000 0.077793 0.282431 -1
1 -23.000000 10.000000 0.000000 0.063481 0.305772 -1
1 -19.000000 10.000000 0.000000 0.074930 0.305772 -1
1 -28.000000 5.000000 0.000000 0.049170 0.364124 -1
1 -24.000000 12.000000 0.000000 0.060619 0.282431 -1
1 -30.000000 6.000000 0.000000 0.043446 0.352453 -1
1 -24.000000 12.000000 0.000000 0.060619 0.282431 -1
1 -28.000000 5.000000 0.000000 0.049170 0.364124 -1
1 -23.000000 10.000000 0.000000 0.063481 0.305772 -1
1 -30.000000 0.000000 0.000000 0.043446 0.422476 -1
1 -28.000000 5.000000 0.000000 0.049170 0.364124 -1
1 -30.000000 6.000000 0.000000 0.043446 0.352453 -1
1 -28.000000 5.000000 0.000000 0.049170 0.364124 -1
1 -30.000000 0.000000 0.000000 0.043446 0.422476 -1
1 -28.000000 1.000000 0.000000 0.049170 0.410806 -1
1 0.000000 -27.000000 0.000000 0.129313 0.737578 -1
1 -30.000000 0.000000 0.000000 0.043446 0.422476 -1
1 0.000000 -30.000000 0.000000 0.129313 0.772590 -1
1 -30.000000 0.000000 0.000000 0.043446 0.422476 -1
1 0.000000 -27.000000 0.000000 0.129313 0.737578 -1
1 -28.000000 1.000000 0.000000 0.049170 0.410806 -1
1 -19.000000 10.000000 0.000000 0.074930 0.305772 -1
1 -10.000000 1.000000 0.000000 0.100691 0.410806 -1
1 -10.000000 4.000000 0.000000 0.100691 0.375794 -1
1 -8.000000 29.000000 0.000000 0.106415 0.084033 -1
1 0.000000 23.000000 0.000000 0.129313 0.154056 -1
1 -6.000000 31.000000 0.000000 0.112140 0.060692 -1
1 0.000000 26.000000 0.000000 0.129313 0.119044 -1
1 -6.000000 31.000000 0.000000 0.112140 0.060692 -1
1 0.000000 23.000000 0.000000 0.129313 0.154056 -1
1 -10.000000 0.000000 0.000000 0.100691 0.422476 -1
1 -8.000000 0.000000 0.000000 0.106415 0.422476 -1
1 -10.000000 1.000000 0.000000 0.100691 0.410806 -1
1 -10.000000 1.000000 0.000000 0.100691 0.410806 -1
1 -8.000000 0.000000 0.000000 0.106415 0.422476 -1
1 -10.000000 4.000000 0.000000 0.100691 0.375794 -1
1 -10.000000 4.000000 0.000000 0.100691 0.375794 -1
1 -8.000000 0.000000 0.000000 0.106415 0.422476 -1
1 -8.000000 29.000000 0.000000 0.106415 0.084033 -1
1 -8.000000 29.000000 0.000000 0.106415 0.084033 -1
1 -10.000000 31.000000 0.000000 0.100691 0.060692 -1
1 -10.000000 4.000000 0.000000 0.100691 0.375794 -1
1
0.000000 0.000000 1.000000
34
1 0 1 2 0 0 0 1
1 3 4 5 0 0 0 1
1 6 7 8 0 0 0 1
1 9 10 11 0 0 0 1
1 12 13 14 0 0 0 1
1 15 16 17 0 0 0 1
1 18 19 20 0 0 0 1
1 21 22 23 0 0 0 1
1 24 25 26 0 0 0 1
1 27 28 29 0 0 0 1
1 30 31 32 0 0 0 1
1 33 34 35 0 0 0 1
1 36 37 38 0 0 0 1
1 39 40 41 0 0 0 1
1 42 43 44 0 0 0 1
1 45 46 47 0 0 0 1
1 48 49 50 0 0 0 1
1 51 52 53 0 0 0 1
1 54 55 56 0 0 0 1
1 57 58 59 0 0 0 1
1 60 61 62 0 0 0 1
1 63 64 65 0 0 0 1
1 66 67 68 0 0 0 1
1 69 70 71 0 0 0 1
1 72 73 74 0 0 0 1
1 75 76 77 0 0 0 1
1 78 79 80 0 0 0 1
1 81 82 83 0 0 0 1
1 84 85 86 0 0 0 1
1 87 88 89 0 0 0 1
1 90 91 92 0 0 0 1
1 93 94 95 0 0 0 1
1 96 97 98 0 0 0 1
1 99 100 101 0 0 0 1
"Arrow" 0 0
153
0 0.000000 -22.000000 0.000000 0.546887 0.207465 -1
0 -23.000000 2.000000 0.000000 0.538496 0.113455 -1
0 -28.000000 1.000000 0.000000 0.536673 0.117372 -1
0 0.000000 23.000000 0.000000 0.546887 0.031195 -1
0 -2.000000 18.000000 0.000000 0.546157 0.050781 -1
0 2.000000 18.000000 0.000000 0.547617 0.050781 -1
0 -4.000000 20.000000 0.000000 0.545428 0.042947 -1
0 -2.000000 18.000000 0.000000 0.546157 0.050781 -1
0 0.000000 23.000000 0.000000 0.546887 0.031195 -1
0 -8.000000 29.000000 0.000000 0.543968 0.007693 -1
0 -4.000000 20.000000 0.000000 0.545428 0.042947 -1
0 0.000000 23.000000 0.000000 0.546887 0.031195 -1
0 2.000000 18.000000 0.000000 0.547617 0.050781 -1
0 4.000000 20.000000 0.000000 0.548347 0.042947 -1
0 0.000000 23.000000 0.000000 0.546887 0.031195 -1
0 0.000000 23.000000 0.000000 0.546887 0.031195 -1
0 4.000000 20.000000 0.000000 0.548347 0.042947 -1
0 8.000000 29.000000 0.000000 0.549807 0.007693 -1
0 4.000000 9.000000 0.000000 0.548347 0.086035 -1
0 8.000000 29.000000 0.000000 0.549807 0.007693 -1
0 4.000000 20.000000 0.000000 0.548347 0.042947 -1
0 0.000000 5.000000 0.000000 0.546887 0.101703 -1
0 -2.000000 4.000000 0.000000 0.546157 0.105620 -1
0 2.000000 4.000000 0.000000 0.547617 0.105620 -1
0 2.000000 4.000000 0.000000 0.547617 0.105620 -1
0 4.000000 6.000000 0.000000 0.548347 0.097786 -1
0 4.000000 9.000000 0.000000 0.548347 0.086035 -1
0 4.000000 9.000000 0.000000 0.548347 0.086035 -1
0 0.000000 5.000000 0.000000 0.546887 0.101703 -1
0 2.000000 4.000000 0.000000 0.547617 0.105620 -1
0 -2.000000 4.000000 0.000000 0.546157 0.105620 -1
0 0.000000 5.000000 0.000000 0.546887 0.101703 -1
0 -4.000000 9.000000 0.000000 0.545428 0.086035 -1
0 -4.000000 9.000000 0.000000 0.545428 0.086035 -1
0 -4.000000 6.000000 0.000000 0.545428 0.097786 -1
0 -2.000000 4.000000 0.000000 0.546157 0.105620 -1
0 -4.000000 9.000000 0.000000 0.545428 0.086035 -1
0 -4.000000 20.000000 0.000000 0.545428 0.042947 -1
0 -8.000000 29.000000 0.000000 0.543968 0.007693 -1
0 -8.000000 29.000000 0.000000 0.543968 0.007693 -1
0 -8.000000 0.000000 0.000000 0.543968 0.121289 -1
0 -4.000000 9.000000 0.000000 0.545428 0.086035 -1
0 -4.000000 9.000000 0.000000 0.545428 0.086035 -1
0 -8.000000 0.000000 0.000000 0.543968 0.121289 -1
0 -4.000000 6.000000 0.000000 0.545428 0.097786 -1
0 -8.000000 0.000000 0.000000 0.543968 0.121289 -1
0 -4.000000 -5.000000 0.000000 0.545428 0.140875 -1
0 -4.000000 6.000000 0.000000 0.545428 0.097786 -1
0 4.000000 6.000000 0.000000 0.548347 0.097786 -1
0 8.000000 0.000000 0.000000 0.549807 0.121289 -1
0 4.000000 9.000000 0.000000 0.548347 0.086035 -1
0 8.000000 29.000000 0.000000 0.549807 0.007693 -1
0 4.000000 9.000000 0.000000 0.548347 0.086035 -1
0 8.000000 0.000000 0.000000 0.549807 0.121289 -1
0 4.000000 6.000000 0.000000 0.548347 0.097786 -1
0 4.000000 -5.000000 0.000000 0.548347 0.140875 -1
0 8.000000 0.000000 0.000000 0.549807 0.121289 -1
0 4.000000 -5.000000 0.000000 0.548347 0.140875 -1
0 6.000000 -6.000000 0.000000 0.549077 0.144791 -1
0 8.000000 0.000000 0.000000 0.549807 0.121289 -1
0 8.000000 0.000000 0.000000 0.549807 0.121289 -1
0 6.000000 -6.000000 0.000000 0.549077 0.144791 -1
0 9.000000 -6.000000 0.000000 0.550171 0.144791 -1
0 9.000000 -6.000000 0.000000 0.550171 0.144791 -1
0 10.000000 0.000000 0.000000 0.550536 0.121289 -1
0 8.000000 0.000000 0.000000 0.549807 0.121289 -1
0 0.000000 -9.000000 0.000000 0.546887 0.156543 -1
0 2.000000 -10.000000 0.000000 0.547617 0.160460 -1
0 4.000000 -5.000000 0.000000 0.548347 0.140875 -1
0 4.000000 -5.000000 0.000000 0.548347 0.140875 -1
0 2.000000 -10.000000 0.000000 0.547617 0.160460 -1
0 6.000000 -6.000000 0.000000 0.549077 0.144791 -1
0 2.000000 -10.000000 0.000000 0.547617 0.160460 -1
0 0.000000 -9.000000 0.000000 0.546887 0.156543 -1
0 -2.000000 -10.000000 0.000000 0.546157 0.160460 -1
0 -2.000000 -10.000000 0.000000 0.546157 0.160460 -1
0 0.000000 -9.000000 0.000000 0.546887 0.156543 -1
0 -4.000000 -5.000000 0.000000 0.545428 0.140875 -1
0 -4.000000 -5.000000 0.000000 0.545428 0.140875 -1
0 -6.000000 -6.000000 0.000000 0.544698 0.144791 -1
0 -2.000000 -10.000000 0.000000 0.546157 0.160460 -1
0 -6.000000 -6.000000 0.000000 0.544698 0.144791 -1
0 -4.000000 -5.000000 0.000000 0.545428 0.140875 -1
0 -8.000000 0.000000 0.000000 0.543968 0.121289 -1
0 -6.000000 -6.000000 0.000000 0.544698 0.144791 -1
0 -8.000000 0.000000 0.000000 0.543968 0.121289 -1
0 -9.000000 -6.000000 0.000000 0.543604 0.144791 -1
0 -9.000000 -6.000000 0.000000 0.543604 0.144791 -1
0 -8.000000 0.000000 0.000000 0.543968 0.121289 -1
0 -10.000000 0.000000 0.000000 0.543239 0.121289 -1
0 -9.000000 -6.000000 0.000000 0.543604 0.144791 -1
0 -10.000000 0.000000 0.000000 0.543239 0.121289 -1
0 -20.000000 5.000000 0.000000 0.539591 0.101703 -1
0 -20.000000 5.000000 0.000000 0.539591 0.101703 -1
0 -10.000000 0.000000 0.000000 0.543239 0.121289 -1
0 -10.000000 1.000000 0.000000 0.543239 0.117372 -1
0 10.000000 0.000000 0.000000 0.550536 0.121289 -1
0 9.000000 -6.000000 0.000000 0.550171 0.144791 -1
0 20.000000 5.000000 0.000000 0.554184 0.101703 -1
0 20.000000 5.000000 0.000000 0.554184 0.101703 -1
0 10.000000 1.000000 0.000000 0.550536 0.117372 -1
0 10.000000 0.000000 0.000000 0.550536 0.121289 -1
0 10.000000 1.000000 0.000000 0.550536 0.117372 -1
0 20.000000 5.000000 0.000000 0.554184 0.101703 -1
0 19.000000 10.000000 0.000000 0.553819 0.082118 -1
0 -20.000000 5.000000 0.000000 0.539591 0.101703 -1
0 -10.000000 1.000000 0.000000 0.543239 0.117372 -1
0 -19.000000 10.000000 0.000000 0.539955 0.082118 -1
0 -19.000000 10.000000 0.000000 0.539955 0.082118 -1
0 -23.000000 10.000000 0.000000 0.538496 0.082118 -1
0 -20.000000 5.000000 0.000000 0.539591 0.101703 -1
0 19.000000 10.000000 0.000000 0.553819 0.082118 -1
0 20.000000 5.000000 0.000000 0.554184 0.101703 -1
0 23.000000 10.000000 0.000000 0.555278 0.082118 -1
0 23.000000 10.000000 0.000000 0.555278 0.082118 -1
0 20.000000 5.000000 0.000000 0.554184 0.101703 -1
0 22.000000 5.000000 0.000000 0.554913 0.101703 -1
0 22.000000 5.000000 0.000000 0.554913 0.101703 -1
0 23.000000 4.000000 0.000000 0.555278 0.105620 -1
0 23.000000 10.000000 0.000000 0.555278 0.082118 -1
0 -22.000000 5.000000 0.000000 0.538861 0.101703 -1
0 -20.000000 5.000000 0.000000 0.539591 0.101703 -1
0 -23.000000 10.000000 0.000000 0.538496 0.082118 -1
0 -23.000000 4.000000 0.000000 0.538496 0.105620 -1
0 -22.000000 5.000000 0.000000 0.538861 0.101703 -1
0 -23.000000 10.000000 0.000000 0.538496 0.082118 -1
0 -23.000000 10.000000 0.000000 0.538496 0.082118 -1
0 -28.000000 5.000000 0.000000 0.536673 0.101703 -1
0 -23.000000 4.000000 0.000000 0.538496 0.105620 -1
0 -23.000000 4.000000 0.000000 0.538496 0.105620 -1
0 -28.000000 5.000000 0.000000 0.536673 0.101703 -1
0 -28.000000 1.000000 0.000000 0.536673 0.117372 -1
0 -28.000000 1.000000 0.000000 0.536673 0.117372 -1
0 -23.000000 2.000000 0.000000 0.538496 0.113455 -1
0 -23.000000 4.000000 0.000000 0.538496 0.105620 -1
0 23.000000 4.000000 0.000000 0.555278 0.105620 -1
0 28.000000 5.000000 0.000000 0.557102 0.101703 -1
0 23.000000 10.000000 0.000000 0.555278 0.082118 -1
0 28.000000 1.000000 0.000000 0.557102 0.117372 -1
0 28.000000 5.000000 0.000000 0.557102 0.101703 -1
0 23.000000 4.000000 0.000000 0.555278 0.105620 -1
0 23.000000 4.000000 0.000000 0.555278 0.105620 -1
0 23.000000 1.000000 0.000000 0.555278 0.117372 -1
0 28.000000 1.000000 0.000000 0.557102 0.117372 -1
0 0.000000 -22.000000 0.000000 0.546887 0.207465 -1
0 0.000000 -27.000000 0.000000 0.546887 0.227051 -1
0 28.000000 1.000000 0.000000 0.557102 0.117372 -1
0 28.000000 1.000000 0.000000 0.557102 0.117372 -1
0 23.000000 1.000000 0.000000 0.555278 0.117372 -1
0 0.000000 -22.000000 0.000000 0.546887 0.207465 -1
0 0.000000 -22.000000 0.000000 0.546887 0.207465 -1
0 -28.000000 1.000000 0.000000 0.536673 0.117372 -1
0 0.000000 -27.000000 0.000000 0.546887 0.227051 -1
1
0.000000 0.000000 1.000000
51
0 0 1 2 0 0 0 1
0 3 4 5 0 0 0 1
0 6 7 8 0 0 0 1
0 9 10 11 0 0 0 1
0 12 13 14 0 0 0 1
0 15 16 17 0 0 0 1
0 18 19 20 0 0 0 1
0 21 22 23 0 0 0 1
0 24 25 26 0 0 0 1
0 27 28 29 0 0 0 1
0 30 31 32 0 0 0 1
0 33 34 35 0 0 0 1
0 36 37 38 0 0 0 1
0 39 40 41 0 0 0 1
0 42 43 44 0 0 0 1
0 45 46 47 0 0 0 1
0 48 49 50 0 0 0 1
0 51 52 53 0 0 0 1
0 54 55 56 0 0 0 1
0 57 58 59 0 0 0 1
0 60 61 62 0 0 0 1
0 63 64 65 0 0 0 1
0 66 67 68 0 0 0 1
0 69 70 71 0 0 0 1
0 72 73 74 0 0 0 1
0 75 76 77 0 0 0 1
0 78 79 80 0 0 0 1
0 81 82 83 0 0 0 1
0 84 85 86 0 0 0 1
0 87 88 89 0 0 0 1
0 90 91 92 0 0 0 1
0 93 94 95 0 0 0 1
0 96 97 98 0 0 0 1
0 99 100 101 0 0 0 1
0 102 103 104 0 0 0 1
0 105 106 107 0 0 0 1
0 108 109 110 0 0 0 1
0 111 112 113 0 0 0 1
0 114 115 116 0 0 0 1
0 117 118 119 0 0 0 1
0 120 121 122 0 0 0 1
0 123 124 125 0 0 0 1
0 126 127 128 0 0 0 1
0 129 130 131 0 0 0 1
0 132 133 134 0 0 0 1
0 135 136 137 0 0 0 1
0 138 139 140 0 0 0 1
0 141 142 143 0 0 0 1
0 144 145 146 0 0 0 1
0 147 148 149 0 0 0 1
0 150 151 152 0 0 0 1
"Center" 0 0
69
0 4.000000 -5.000000 0.000000 0.510899 0.001033 -1
0 4.000000 6.000000 0.000000 0.510899 0.001033 -1
0 2.000000 4.000000 0.000000 0.510899 0.001033 -1
0 4.000000 -5.000000 0.000000 0.510899 0.001033 -1
0 2.000000 4.000000 0.000000 0.510899 0.001033 -1
0 0.000000 -9.000000 0.000000 0.510899 0.001033 -1
0 2.000000 4.000000 0.000000 0.510899 0.001033 -1
0 -2.000000 4.000000 0.000000 0.510899 0.001033 -1
0 0.000000 -9.000000 0.000000 0.510899 0.001033 -1
0 -2.000000 4.000000 0.000000 0.510899 0.001033 -1
0 -4.000000 6.000000 0.000000 0.510899 0.001033 -1
0 0.000000 -9.000000 0.000000 0.510899 0.001033 -1
0 -4.000000 -5.000000 0.000000 0.510899 0.001033 -1
0 0.000000 -9.000000 0.000000 0.510899 0.001033 -1
0 -4.000000 6.000000 0.000000 0.510899 0.001033 -1
0 0.000000 -22.000000 0.000000 0.519377 0.001145 -1
0 2.000000 -10.000000 0.000000 0.519378 0.001131 -1
0 -2.000000 -10.000000 0.000000 0.519374 0.001131 -1
0 9.000000 -6.000000 0.000000 0.519385 0.001127 -1
0 2.000000 -10.000000 0.000000 0.519378 0.001131 -1
0 0.000000 -22.000000 0.000000 0.519377 0.001145 -1
0 -2.000000 -10.000000 0.000000 0.519374 0.001131 -1
0 -9.000000 -6.000000 0.000000 0.519368 0.001127 -1
0 0.000000 -22.000000 0.000000 0.519377 0.001145 -1
0 22.000000 5.000000 0.000000 0.519398 0.001114 -1
0 20.000000 5.000000 0.000000 0.519396 0.001114 -1
0 23.000000 4.000000 0.000000 0.519399 0.001115 -1
0 23.000000 1.000000 0.000000 0.519399 0.001119 -1
0 23.000000 4.000000 0.000000 0.519399 0.001115 -1
0 20.000000 5.000000 0.000000 0.519396 0.001114 -1
0 -22.000000 5.000000 0.000000 0.519355 0.001114 -1
0 -23.000000 4.000000 0.000000 0.519354 0.001115 -1
0 -20.000000 5.000000 0.000000 0.519356 0.001114 -1
0 -23.000000 4.000000 0.000000 0.519354 0.001115 -1
0 -23.000000 2.000000 0.000000 0.519354 0.001118 -1
0 -20.000000 5.000000 0.000000 0.519356 0.001114 -1
0 -9.000000 -6.000000 0.000000 0.519368 0.001127 -1
0 -20.000000 5.000000 0.000000 0.519356 0.001114 -1
0 0.000000 -22.000000 0.000000 0.519377 0.001145 -1
0 -23.000000 2.000000 0.000000 0.519354 0.001118 -1
0 0.000000 -22.000000 0.000000 0.519377 0.001145 -1
0 -20.000000 5.000000 0.000000 0.519356 0.001114 -1
0 9.000000 -6.000000 0.000000 0.519385 0.001127 -1
0 0.000000 -22.000000 0.000000 0.519377 0.001145 -1
0 20.000000 5.000000 0.000000 0.519396 0.001114 -1
0 23.000000 1.000000 0.000000 0.519399 0.001119 -1
0 20.000000 5.000000 0.000000 0.519396 0.001114 -1
0 0.000000 -22.000000 0.000000 0.519377 0.001145 -1
0 4.000000 9.000000 0.000000 0.503118 0.001033 -1
0 4.000000 20.000000 0.000000 0.503118 0.001033 -1
0 2.000000 18.000000 0.000000 0.503118 0.001033 -1
0 4.000000 9.000000 0.000000 0.503118 0.001033 -1
0 2.000000 18.000000 0.000000 0.503118 0.001033 -1
0 0.000000 5.000000 0.000000 0.503118 0.001033 -1
0 2.000000 18.000000 0.000000 0.503118 0.001033 -1
0 -2.000000 18.000000 0.000000 0.503118 0.001033 -1
0 0.000000 5.000000 0.000000 0.503118 0.001033 -1
0 -2.000000 18.000000 0.000000 0.503118 0.001033 -1
0 -4.000000 20.000000 0.000000 0.503118 0.001033 -1
0 0.000000 5.000000 0.000000 0.503118 0.001033 -1
0 -4.000000 9.000000 0.000000 0.503118 0.001033 -1
0 0.000000 5.000000 0.000000 0.503118 0.001033 -1
0 -4.000000 20.000000 0.000000 0.503118 0.001033 -1
0 9.000000 -6.000000 0.000000 0.519385 0.001127 -1
0 6.000000 -6.000000 0.000000 0.519383 0.001127 -1
0 2.000000 -10.000000 0.000000 0.519378 0.001131 -1
0 -6.000000 -6.000000 0.000000 0.519370 0.001127 -1
0 -9.000000 -6.000000 0.000000 0.519368 0.001127 -1
0 -2.000000 -10.000000 0.000000 0.519374 0.001131 -1
1
0.000000 0.000000 1.000000
23
0 0 1 2 0 0 0 1
0 3 4 5 0 0 0 1
0 6 7 8 0 0 0 1
0 9 10 11 0 0 0 1
0 12 13 14 0 0 0 1
0 15 16 17 0 0 0 1
0 18 19 20 0 0 0 1
0 21 22 23 0 0 0 1
0 24 25 26 0 0 0 1
0 27 28 29 0 0 0 1
0 30 31 32 0 0 0 1
0 33 34 35 0 0 0 1
0 36 37 38 0 0 0 1
0 39 40 41 0 0 0 1
0 42 43 44 0 0 0 1
0 45 46 47 0 0 0 1
0 48 49 50 0 0 0 1
0 51 52 53 0 0 0 1
0 54 55 56 0 0 0 1
0 57 58 59 0 0 0 1
0 60 61 62 0 0 0 1
0 63 64 65 0 0 0 1
0 66 67 68 0 0 0 1

Materials: 1
"mipmap"
0.200000 0.200000 0.200000 1.000000
0.800000 0.800000 0.800000 1.000000
0.000000 0.000000 0.000000 1.000000
0.000000 0.000000 0.000000 1.000000
0.000000
1.000000
"textures/Tap Note parts (mipmaps).ini"
""

Bones: 0
GroupComments: 0
MaterialComments: 0
BoneComments: 0
ModelComment: 0
