// MilkShape 3D ASCII

Frames: 30
Frame: 1

Meshes: 5
"FRAME" 1 1
65
1 6.829740 30.045176 0.000000 0.763458 0.287925 -1
1 6.062644 28.042505 0.000000 0.761393 0.301634 -1
1 10.392240 26.482676 0.000000 0.773047 0.312311 -1
1 8.360989 25.701426 0.000000 0.767579 0.317659 -1
1 2.954739 28.045176 0.000000 0.753027 0.301615 -1
1 2.329740 30.045176 0.000000 0.751344 0.287925 -1
1 0.017240 27.795176 0.000000 0.745120 0.303326 -1
1 -2.920261 28.045176 0.000000 0.737212 0.301615 -1
1 -2.295260 30.035307 0.000000 0.738894 0.287993 -1
1 -6.232761 27.982676 0.000000 0.728296 0.302043 -1
1 -6.849514 30.028187 0.000000 0.726636 0.288041 -1
1 -10.357760 26.482676 0.000000 0.717193 0.312311 -1
1 -8.357761 25.857676 0.000000 0.722576 0.316589 -1
1 -8.420261 8.232676 0.000000 0.722408 0.437234 -1
1 -10.420260 7.545176 0.000000 0.717025 0.441941 -1
1 -6.857760 4.107676 0.000000 0.726614 0.465470 -1
1 -4.470894 4.207359 0.000000 0.733039 0.464788 -1
1 -10.420260 0.607676 0.000000 0.717025 0.489429 -1
1 -8.406812 0.246125 0.000000 0.722444 0.491903 -1
1 -10.420260 -2.017324 0.000000 0.717025 0.507396 -1
1 -10.357761 -5.079824 0.000000 0.717193 0.528360 -1
1 -8.420261 -5.829824 0.000000 0.722408 0.533493 -1
1 -10.357761 -5.829824 0.000000 0.717193 0.533493 -1
1 -19.857761 7.170176 0.000000 0.691621 0.444507 -1
1 -20.482761 5.107676 0.000000 0.689939 0.458626 -1
1 -25.107761 5.232676 0.000000 0.677489 0.457770 -1
1 -25.857761 7.170176 0.000000 0.675471 0.444507 -1
1 -30.001783 2.972349 0.000000 0.664316 0.473242 -1
1 -28.026241 2.223980 0.000000 0.669634 0.478364 -1
1 -30.029501 -3.328194 0.000000 0.664241 0.516370 -1
1 -28.008848 -2.709716 0.000000 0.669681 0.512136 -1
1 -3.732760 -29.579824 0.000000 0.735026 0.696066 -1
1 -2.859392 -27.909716 0.000000 0.737377 0.684633 -1
1 -2.982760 -29.892324 0.000000 0.737045 0.698205 -1
1 -1.557218 -27.909716 0.000000 0.740882 0.684633 -1
1 -0.708305 -27.076563 0.000000 0.743167 0.678930 -1
1 0.704739 -27.017324 0.000000 0.746970 0.678525 -1
1 1.517239 -27.829824 0.000000 0.749157 0.684087 -1
1 2.892240 -30.017324 0.000000 0.752858 0.699060 -1
1 2.767239 -27.892324 0.000000 0.752522 0.684515 -1
1 3.454740 -29.704824 0.000000 0.754373 0.696921 -1
1 -0.714743 -0.535342 0.000000 0.743149 0.497252 -1
1 0.713748 -0.534779 0.000000 0.746995 0.497249 -1
1 30.017239 -3.329824 0.000000 0.825872 0.516381 -1
1 28.017239 -2.704824 0.000000 0.820489 0.512103 -1
1 28.079739 2.170176 0.000000 0.820657 0.478733 -1
1 30.017239 2.982676 0.000000 0.825872 0.473172 -1
1 25.079739 5.170176 0.000000 0.812582 0.458198 -1
1 25.892239 7.045176 0.000000 0.814769 0.445363 -1
1 19.704739 7.232676 0.000000 0.798114 0.444080 -1
1 20.517239 5.170176 0.000000 0.800301 0.458198 -1
1 10.399693 -2.088999 0.000000 0.773067 0.507887 -1
1 10.329739 -5.017324 0.000000 0.772879 0.527932 -1
1 8.401413 -5.831544 0.000000 0.767688 0.533506 -1
1 10.329739 -5.829824 0.000000 0.772879 0.533493 -1
1 10.401413 0.662721 0.000000 0.773071 0.489052 -1
1 8.392239 0.232676 0.000000 0.767663 0.491995 -1
1 6.915703 4.207017 0.000000 0.763689 0.464790 -1
1 5.791643 5.722557 0.000000 0.760663 0.454417 -1
1 0.717675 25.838406 0.000000 0.747005 0.316721 -1
1 -0.740362 25.830345 0.000000 0.743080 0.316776 -1
1 0.709615 10.766809 0.000000 0.746983 0.419888 -1
1 -0.722817 9.361403 0.000000 0.743128 0.429508 -1
1 8.368544 8.287196 0.000000 0.767599 0.436861 -1
1 10.374147 7.701084 0.000000 0.772998 0.440873 -1
1
0.000000 0.000000 1.000000
70
1 0 1 2 0 0 0 1
1 3 2 1 0 0 0 1
1 0 4 1 0 0 0 1
1 5 4 0 0 0 0 1
1 4 5 6 0 0 0 1
1 7 6 8 0 0 0 1
1 8 9 7 0 0 0 1
1 10 9 8 0 0 0 1
1 11 12 9 0 0 0 1
1 11 9 10 0 0 0 1
1 11 13 12 0 0 0 1
1 13 11 14 0 0 0 1
1 13 15 16 0 0 0 1
1 14 15 13 0 0 0 1
1 15 17 18 0 0 0 1
1 15 18 16 0 0 0 1
1 17 19 18 0 0 0 1
1 19 20 18 0 0 0 1
1 20 21 18 0 0 0 1
1 20 22 21 0 0 0 1
1 19 23 20 0 0 0 1
1 23 24 20 0 0 0 1
1 23 25 24 0 0 0 1
1 26 25 23 0 0 0 1
1 26 27 25 0 0 0 1
1 27 28 25 0 0 0 1
1 27 29 30 0 0 0 1
1 28 28 30 0 0 0 1
1 27 27 30 0 0 0 1
1 27 30 28 0 0 0 1
1 29 31 30 0 0 0 1
1 30 31 32 0 0 0 1
1 31 33 32 0 0 0 1
1 33 34 32 0 0 0 1
1 33 35 34 0 0 0 1
1 33 36 35 0 0 0 1
1 33 37 36 0 0 0 1
1 38 37 33 0 0 0 1
1 38 39 37 0 0 0 1
1 38 40 39 0 0 0 1
1 35 36 41 0 0 0 1
1 42 41 36 0 0 0 1
1 39 40 43 0 0 0 1
1 43 44 39 0 0 0 1
1 45 44 43 0 0 0 1
1 46 45 43 0 0 0 1
1 47 45 46 0 0 0 1
1 47 46 48 0 0 0 1
1 49 50 47 0 0 0 1
1 48 49 47 0 0 0 1
1 49 51 50 0 0 0 1
1 51 52 50 0 0 0 1
1 52 53 54 0 0 0 1
1 51 53 52 0 0 0 1
1 55 53 51 0 0 0 1
1 56 53 55 0 0 0 1
1 57 56 55 0 0 0 1
1 57 58 56 0 0 0 1
1 6 59 4 0 0 0 1
1 6 60 59 0 0 0 1
1 7 60 6 0 0 0 1
1 61 59 60 0 0 0 1
1 60 62 61 0 0 0 1
1 62 58 61 0 0 0 1
1 62 56 58 0 0 0 1
1 63 58 57 0 0 0 1
1 2 3 64 0 0 0 1
1 63 64 3 0 0 0 1
1 64 63 57 0 0 0 1
1 57 58 63 0 0 0 1
"ARROW" 0 0
78
0 8.360843 25.715696 0.000000 0.001445 0.027983 -1
0 6.063407 28.047806 0.000000 0.001445 0.007825 -1
0 7.228975 24.950861 0.000000 0.001445 0.034594 -1
0 5.437522 26.708124 0.000000 0.001445 0.019404 -1
0 3.571832 26.725220 0.000000 0.001445 0.019257 -1
0 2.957425 28.053669 0.000000 0.001445 0.007774 -1
0 1.914689 25.065145 0.000000 0.001445 0.033606 -1
0 0.734714 25.865147 0.000000 0.001445 0.026691 -1
0 1.849143 9.638256 0.000000 0.001445 0.166951 -1
0 0.721972 10.758143 0.000000 0.001445 0.157271 -1
0 7.200404 8.808004 0.000000 0.001445 0.174127 -1
0 8.371833 8.293718 0.000000 0.001445 0.178572 -1
0 4.906286 6.574390 0.000000 0.001445 0.193434 -1
0 5.800404 5.693718 0.000000 0.001445 0.201046 -1
0 -0.725647 25.866970 0.000000 0.001445 0.026675 -1
0 -2.913882 28.008005 0.000000 0.001445 0.008169 -1
0 -1.942454 24.950863 0.000000 0.001445 0.034594 -1
0 -3.693644 26.709196 0.000000 0.001445 0.019395 -1
0 -6.171025 28.036577 0.000000 0.001445 0.007922 -1
0 -5.566263 26.713957 0.000000 0.001445 0.019354 -1
0 -8.399597 25.865149 0.000000 0.001445 0.026691 -1
0 -7.228168 25.047293 0.000000 0.001445 0.033760 -1
0 -8.399597 8.179433 0.000000 0.001445 0.179560 -1
0 -7.226978 8.971100 0.000000 0.001445 0.172718 -1
0 -4.456740 4.208004 0.000000 0.001445 0.213888 -1
0 1.886117 -0.191996 0.000000 0.001445 0.251920 -1
0 -4.342454 2.636576 0.000000 0.001445 0.227471 -1
0 -3.666143 2.645979 0.000000 0.001445 0.227390 -1
0 -1.358367 0.239831 0.000000 0.001445 0.248188 -1
0 -8.399597 0.236576 0.000000 0.001445 0.248216 -1
0 -7.228168 -0.277710 0.000000 0.001445 0.252661 -1
0 -1.901225 -0.312791 0.000000 0.001445 0.252964 -1
0 -0.715427 -0.534851 0.000000 0.001445 0.254884 -1
0 0.714689 -0.534851 0.000000 0.001445 0.254884 -1
0 -8.428167 -5.820565 0.000000 0.001445 0.300572 -1
0 -7.303882 -9.583423 0.000000 0.001445 0.333097 -1
0 -7.436739 -9.746280 0.000000 0.001445 0.334505 -1
0 -8.066740 -9.754850 0.000000 0.001445 0.334579 -1
0 -10.355112 -5.829968 0.000000 0.001445 0.300653 -1
0 -21.850229 3.970031 0.000000 0.001445 0.215945 -1
0 -10.351857 -5.074453 0.000000 0.001445 0.294123 -1
0 -20.513882 5.150863 0.000000 0.001445 0.205738 -1
0 -25.142454 5.150863 0.000000 0.001445 0.205738 -1
0 -23.713882 3.979435 0.000000 0.001445 0.215864 -1
0 -26.713882 1.008006 0.000000 0.001445 0.241548 -1
0 -28.019472 2.221672 0.000000 0.001445 0.231057 -1
0 -26.745708 -1.528341 0.000000 0.001445 0.263471 -1
0 -28.028168 -2.706280 0.000000 0.001445 0.273653 -1
0 -2.856739 -27.906281 0.000000 0.001445 0.491474 -1
0 -2.828168 -25.466528 0.000000 0.001445 0.470385 -1
0 -1.542454 -27.906281 0.000000 0.001445 0.491474 -1
0 -2.220714 -25.455347 0.000000 0.001445 0.470288 -1
0 -0.713882 -27.077709 0.000000 0.001445 0.484312 -1
0 -1.920093 -25.175844 0.000000 0.001445 0.467873 -1
0 1.903689 -25.171719 0.000000 0.001445 0.467837 -1
0 0.710712 -27.109715 0.000000 0.001445 0.484588 -1
0 1.538298 -27.868334 0.000000 0.001445 0.491146 -1
0 2.172591 -25.440620 0.000000 0.001445 0.470161 -1
0 2.814160 -27.833851 0.000000 0.001445 0.490848 -1
0 2.811945 -25.436192 0.000000 0.001445 0.470123 -1
0 27.986574 -2.730404 0.000000 0.001445 0.273861 -1
0 26.710712 -1.557990 0.000000 0.001445 0.263727 -1
0 26.710712 0.959251 0.000000 0.001445 0.241969 -1
0 27.986574 2.269596 0.000000 0.001445 0.230643 -1
0 23.674015 3.984560 0.000000 0.001445 0.215820 -1
0 25.055540 5.166148 0.000000 0.001445 0.205606 -1
0 20.538298 5.131665 0.000000 0.001445 0.205904 -1
0 21.814159 3.970640 0.000000 0.001445 0.215940 -1
0 10.322227 -5.829106 0.000000 0.001445 0.300646 -1
0 10.324442 -5.013226 0.000000 0.001445 0.293593 -1
0 8.048083 -9.748422 0.000000 0.001445 0.334523 -1
0 7.400367 -9.730403 0.000000 0.001445 0.334367 -1
0 8.400367 -5.833852 0.000000 0.001445 0.300687 -1
0 7.227953 -9.557989 0.000000 0.001445 0.332877 -1
0 7.210626 -0.154250 0.000000 0.001445 0.251594 -1
0 8.390181 0.227402 0.000000 0.001445 0.248295 -1
0 -0.705479 9.340778 0.000000 0.001445 0.169522 -1
0 -1.930549 8.946099 0.000000 0.001445 0.172933 -1
1
0.000000 0.000000 1.000000
79
0 0 1 2 0 0 0 1
0 3 2 1 0 0 0 1
0 1 4 3 0 0 0 1
0 5 4 1 0 0 0 1
0 5 6 4 0 0 0 1
0 5 7 6 0 0 0 1
0 7 8 6 0 0 0 1
0 7 9 8 0 0 0 1
0 2 10 11 0 0 0 1
0 2 11 0 0 0 0 1
0 10 12 13 0 0 0 1
0 10 13 11 0 0 0 1
0 14 15 16 0 0 0 1
0 15 17 16 0 0 0 1
0 15 18 17 0 0 0 1
0 18 19 17 0 0 0 1
0 18 20 19 0 0 0 1
0 20 21 19 0 0 0 1
0 20 22 21 0 0 0 1
0 22 23 21 0 0 0 1
0 22 24 23 0 0 0 1
0 23 24 25 0 0 0 1
0 26 27 24 0 0 0 1
0 24 27 25 0 0 0 1
0 27 28 25 0 0 0 1
0 24 29 30 0 0 0 1
0 30 26 24 0 0 0 1
0 28 31 25 0 0 0 1
0 31 32 25 0 0 0 1
0 32 33 25 0 0 0 1
0 29 34 30 0 0 0 1
0 34 35 30 0 0 0 1
0 34 36 35 0 0 0 1
0 34 37 36 0 0 0 1
0 38 37 34 0 0 0 1
0 38 39 37 0 0 0 1
0 40 39 38 0 0 0 1
0 41 39 40 0 0 0 1
0 42 43 39 0 0 0 1
0 42 39 41 0 0 0 1
0 43 42 44 0 0 0 1
0 45 44 42 0 0 0 1
0 45 46 44 0 0 0 1
0 47 46 45 0 0 0 1
0 47 48 46 0 0 0 1
0 49 46 48 0 0 0 1
0 49 48 50 0 0 0 1
0 49 50 51 0 0 0 1
0 51 50 52 0 0 0 1
0 51 52 53 0 0 0 1
0 53 52 32 0 0 0 1
0 31 53 32 0 0 0 1
0 33 54 25 0 0 0 1
0 33 55 54 0 0 0 1
0 54 55 56 0 0 0 1
0 54 56 57 0 0 0 1
0 57 56 58 0 0 0 1
0 57 58 59 0 0 0 1
0 59 58 60 0 0 0 1
0 59 60 61 0 0 0 1
0 62 61 60 0 0 0 1
0 63 62 60 0 0 0 1
0 63 64 62 0 0 0 1
0 65 64 63 0 0 0 1
0 65 66 64 0 0 0 1
0 64 66 67 0 0 0 1
0 68 67 66 0 0 0 1
0 69 68 66 0 0 0 1
0 70 67 68 0 0 0 1
0 68 71 70 0 0 0 1
0 72 72 71 0 0 0 1
0 68 72 71 0 0 0 1
0 73 71 72 0 0 0 1
0 74 73 72 0 0 0 1
0 75 74 72 0 0 0 1
0 75 76 74 0 0 0 1
0 77 74 76 0 0 0 1
0 16 77 76 0 0 0 1
0 16 76 14 0 0 0 1
"CENTER 3" 0 1
16
0 23.672249 3.970597 0.000000 0.316406 0.009375 -1
0 21.815458 3.976638 0.000000 0.316406 0.009375 -1
0 26.718124 0.955381 0.000000 0.316406 0.009375 -1
0 26.702908 -1.556813 0.000000 0.316406 0.009375 -1
0 2.803377 -25.440905 0.000000 0.316406 0.009375 -1
0 1.873911 -15.937718 0.000000 0.316406 0.009375 -1
0 2.175496 -25.453213 0.000000 0.316406 0.009375 -1
0 1.900938 -25.172611 0.000000 0.316406 0.009375 -1
0 -26.708818 0.998121 0.000000 0.316406 0.009375 -1
0 -26.746794 -1.527659 0.000000 0.316406 0.009375 -1
0 -23.684429 3.973731 0.000000 0.316406 0.009375 -1
0 -21.842501 3.972805 0.000000 0.316406 0.009375 -1
0 -2.830769 -25.465294 0.000000 0.316406 0.009375 -1
0 -1.903940 -15.904318 0.000000 0.316406 0.009375 -1
0 -2.221013 -25.465294 0.000000 0.316406 0.009375 -1
0 -1.928330 -25.172611 0.000000 0.316406 0.009375 -1
1
0.000000 0.000000 1.000000
12
0 0 1 2 0 0 0 1
0 1 3 2 0 0 0 1
0 1 4 3 0 0 0 1
0 5 4 1 0 0 0 1
0 5 6 4 0 0 0 1
0 5 7 6 0 0 0 1
0 8 9 10 0 0 0 1
0 10 9 11 0 0 0 1
0 11 9 12 0 0 0 1
0 11 12 13 0 0 0 1
0 12 14 13 0 0 0 1
0 14 15 13 0 0 0 1
"CENTER 2" 0 1
17
0 7.211859 -0.154011 0.000000 0.180469 0.007813 -1
0 2.733598 4.302511 0.000000 0.180469 0.007813 -1
0 1.885772 -0.154011 0.000000 0.180469 0.007813 -1
0 0.059685 1.650337 0.000000 0.180469 0.007813 -1
0 7.232032 -9.561766 0.000000 0.180469 0.007813 -1
0 1.867754 -15.929176 0.000000 0.180469 0.007813 -1
0 7.407511 -9.740967 0.000000 0.180469 0.007813 -1
0 8.057530 -9.757419 0.000000 0.180469 0.007813 -1
0 -4.353358 2.650338 0.000000 0.180469 0.007813 -1
0 -1.349781 0.239220 0.000000 0.180469 0.007813 -1
0 -3.679445 2.641257 0.000000 0.180469 0.007813 -1
0 -1.896837 -0.306184 0.000000 0.180469 0.007813 -1
0 -7.250165 -0.275364 0.000000 0.180469 0.007813 -1
0 -7.309880 -9.588793 0.000000 0.180469 0.007813 -1
0 -1.900057 -15.908439 0.000000 0.180469 0.007813 -1
0 -7.440314 -9.740967 0.000000 0.180469 0.007813 -1
0 -8.067272 -9.752707 0.000000 0.180469 0.007813 -1
1
0.000000 0.000000 1.000000
15
0 0 1 2 0 0 0 1
0 1 3 2 0 0 0 1
0 2 4 0 0 0 0 1
0 2 5 4 0 0 0 1
0 6 4 5 0 0 0 1
0 7 6 5 0 0 0 1
0 8 9 10 0 0 0 1
0 9 9 11 0 0 0 1
0 8 11 9 0 0 0 1
0 12 11 8 0 0 0 1
0 12 13 11 0 0 0 1
0 13 13 14 0 0 0 1
0 11 13 14 0 0 0 1
0 15 14 13 0 0 0 1
0 16 14 15 0 0 0 1
"CENTER 1" 0 1
15
0 7.228950 24.954502 0.000000 0.055468 0.006250 -1
0 5.435503 26.712337 0.000000 0.055468 0.006250 -1
0 7.213281 8.823448 0.000000 0.055468 0.006250 -1
0 3.575104 26.722307 0.000000 0.055468 0.006250 -1
0 1.901889 25.065899 0.000000 0.055468 0.006250 -1
0 1.856449 9.628304 0.000000 0.055468 0.006250 -1
0 4.903601 6.577727 0.000000 0.055468 0.006250 -1
0 -1.916349 24.953075 0.000000 0.055468 0.006250 -1
0 -3.694127 26.712336 0.000000 0.055468 0.006250 -1
0 -1.922831 8.942892 0.000000 0.055468 0.006250 -1
0 -5.564497 26.712336 0.000000 0.055468 0.006250 -1
0 -7.231164 25.045670 0.000000 0.055468 0.006250 -1
0 -7.229312 8.974374 0.000000 0.055468 0.006250 -1
0 0.058650 1.656782 0.000000 0.055468 0.006250 -1
0 2.734576 4.306782 0.000000 0.055468 0.006250 -1
1
0.000000 0.000000 1.000000
11
0 0 1 2 0 0 0 1
0 1 3 2 0 0 0 1
0 3 4 2 0 0 0 1
0 4 5 2 0 0 0 1
0 5 6 2 0 0 0 1
0 7 8 9 0 0 0 1
0 8 10 9 0 0 0 1
0 10 11 9 0 0 0 1
0 11 12 9 0 0 0 1
0 12 13 14 0 0 0 1
0 9 12 14 0 0 0 1

Materials: 2
"colours"
0.200000 0.200000 0.200000 1.000000
0.800000 0.800000 0.800000 1.000000
0.000000 0.000000 0.000000 1.000000
0.000000 0.000000 0.000000 1.000000
0.000000
1.000000
"textures\colours.ini"
""
"frame"
0.200000 0.200000 0.200000 1.000000
0.800000 0.800000 0.800000 1.000000
0.000000 0.000000 0.000000 1.000000
0.000000 0.000000 0.000000 1.000000
0.000000
1.000000
"textures\frame.ini"
""

Bones: 0
GroupComments: 0
MaterialComments: 0
BoneComments: 0
ModelComment: 0
