// MilkShape 3D ASCII

Frames: 30
Frame: 1

Meshes: 2
"Frame" 0 1
102
0 10.000000 31.000000 0.000000 0.097597 0.019623 -1
0 6.000000 31.000000 0.000000 0.088823 0.019623 -1
0 8.000000 29.000000 0.000000 0.093210 0.051206 -1
0 18.000000 12.000000 0.000000 0.115145 0.319660 -1
0 10.000000 4.000000 0.000000 0.097597 0.445992 -1
0 19.000000 10.000000 0.000000 0.117338 0.351243 -1
0 24.000000 12.000000 0.000000 0.128306 0.319660 -1
0 18.000000 12.000000 0.000000 0.115145 0.319660 -1
0 23.000000 10.000000 0.000000 0.126112 0.351243 -1
0 19.000000 10.000000 0.000000 0.117338 0.351243 -1
0 23.000000 10.000000 0.000000 0.126112 0.351243 -1
0 18.000000 12.000000 0.000000 0.115145 0.319660 -1
0 30.000000 6.000000 0.000000 0.141467 0.414409 -1
0 24.000000 12.000000 0.000000 0.128306 0.319660 -1
0 28.000000 5.000000 0.000000 0.137080 0.430200 -1
0 23.000000 10.000000 0.000000 0.126112 0.351243 -1
0 28.000000 5.000000 0.000000 0.137080 0.430200 -1
0 24.000000 12.000000 0.000000 0.128306 0.319660 -1
0 30.000000 6.000000 0.000000 0.141467 0.414409 -1
0 28.000000 5.000000 0.000000 0.137080 0.430200 -1
0 30.000000 0.000000 0.000000 0.141467 0.509158 -1
0 28.000000 1.000000 0.000000 0.137080 0.493366 -1
0 30.000000 0.000000 0.000000 0.141467 0.509158 -1
0 28.000000 5.000000 0.000000 0.137080 0.430200 -1
0 0.000000 -30.000000 0.000000 0.075662 0.982901 -1
0 30.000000 0.000000 0.000000 0.141467 0.509158 -1
0 0.000000 -27.000000 0.000000 0.075662 0.935527 -1
0 28.000000 1.000000 0.000000 0.137080 0.493366 -1
0 0.000000 -27.000000 0.000000 0.075662 0.935527 -1
0 30.000000 0.000000 0.000000 0.141467 0.509158 -1
0 10.000000 4.000000 0.000000 0.097597 0.445992 -1
0 10.000000 1.000000 0.000000 0.097597 0.493366 -1
0 19.000000 10.000000 0.000000 0.117338 0.351243 -1
0 6.000000 31.000000 0.000000 0.088823 0.019623 -1
0 0.000000 23.000000 0.000000 0.075662 0.145955 -1
0 8.000000 29.000000 0.000000 0.093210 0.051206 -1
0 0.000000 23.000000 0.000000 0.075662 0.145955 -1
0 6.000000 31.000000 0.000000 0.088823 0.019623 -1
0 0.000000 26.000000 0.000000 0.075662 0.098580 -1
0 10.000000 1.000000 0.000000 0.097597 0.493366 -1
0 8.000000 0.000000 0.000000 0.093210 0.509158 -1
0 10.000000 0.000000 0.000000 0.097597 0.509158 -1
0 10.000000 4.000000 0.000000 0.097597 0.445992 -1
0 8.000000 0.000000 0.000000 0.093210 0.509158 -1
0 10.000000 1.000000 0.000000 0.097597 0.493366 -1
0 8.000000 29.000000 0.000000 0.093210 0.051206 -1
0 8.000000 0.000000 0.000000 0.093210 0.509158 -1
0 10.000000 4.000000 0.000000 0.097597 0.445992 -1
0 10.000000 4.000000 0.000000 0.097597 0.445992 -1
0 10.000000 31.000000 0.000000 0.097597 0.019623 -1
0 8.000000 29.000000 0.000000 0.093210 0.051206 -1
0 -8.000000 29.000000 0.000000 0.058114 0.051206 -1
0 -6.000000 31.000000 0.000000 0.062501 0.019623 -1
0 -10.000000 31.000000 0.000000 0.053727 0.019623 -1
0 -19.000000 10.000000 0.000000 0.033986 0.351243 -1
0 -10.000000 4.000000 0.000000 0.053727 0.445992 -1
0 -18.000000 12.000000 0.000000 0.036179 0.319660 -1
0 -23.000000 10.000000 0.000000 0.025212 0.351243 -1
0 -18.000000 12.000000 0.000000 0.036179 0.319660 -1
0 -24.000000 12.000000 0.000000 0.023018 0.319660 -1
0 -18.000000 12.000000 0.000000 0.036179 0.319660 -1
0 -23.000000 10.000000 0.000000 0.025212 0.351243 -1
0 -19.000000 10.000000 0.000000 0.033986 0.351243 -1
0 -28.000000 5.000000 0.000000 0.014244 0.430200 -1
0 -24.000000 12.000000 0.000000 0.023018 0.319660 -1
0 -30.000000 6.000000 0.000000 0.009857 0.414409 -1
0 -24.000000 12.000000 0.000000 0.023018 0.319660 -1
0 -28.000000 5.000000 0.000000 0.014244 0.430200 -1
0 -23.000000 10.000000 0.000000 0.025212 0.351243 -1
0 -30.000000 0.000000 0.000000 0.009857 0.509158 -1
0 -28.000000 5.000000 0.000000 0.014244 0.430200 -1
0 -30.000000 6.000000 0.000000 0.009857 0.414409 -1
0 -28.000000 5.000000 0.000000 0.014244 0.430200 -1
0 -30.000000 0.000000 0.000000 0.009857 0.509158 -1
0 -28.000000 1.000000 0.000000 0.014244 0.493366 -1
0 0.000000 -27.000000 0.000000 0.075662 0.935527 -1
0 -30.000000 0.000000 0.000000 0.009857 0.509158 -1
0 0.000000 -30.000000 0.000000 0.075662 0.982901 -1
0 -30.000000 0.000000 0.000000 0.009857 0.509158 -1
0 0.000000 -27.000000 0.000000 0.075662 0.935527 -1
0 -28.000000 1.000000 0.000000 0.014244 0.493366 -1
0 -19.000000 10.000000 0.000000 0.033986 0.351243 -1
0 -10.000000 1.000000 0.000000 0.053727 0.493366 -1
0 -10.000000 4.000000 0.000000 0.053727 0.445992 -1
0 -8.000000 29.000000 0.000000 0.058114 0.051206 -1
0 0.000000 23.000000 0.000000 0.075662 0.145955 -1
0 -6.000000 31.000000 0.000000 0.062501 0.019623 -1
0 0.000000 26.000000 0.000000 0.075662 0.098580 -1
0 -6.000000 31.000000 0.000000 0.062501 0.019623 -1
0 0.000000 23.000000 0.000000 0.075662 0.145955 -1
0 -10.000000 0.000000 0.000000 0.053727 0.509158 -1
0 -8.000000 0.000000 0.000000 0.058114 0.509158 -1
0 -10.000000 1.000000 0.000000 0.053727 0.493366 -1
0 -10.000000 1.000000 0.000000 0.053727 0.493366 -1
0 -8.000000 0.000000 0.000000 0.058114 0.509158 -1
0 -10.000000 4.000000 0.000000 0.053727 0.445992 -1
0 -10.000000 4.000000 0.000000 0.053727 0.445992 -1
0 -8.000000 0.000000 0.000000 0.058114 0.509158 -1
0 -8.000000 29.000000 0.000000 0.058114 0.051206 -1
0 -8.000000 29.000000 0.000000 0.058114 0.051206 -1
0 -10.000000 31.000000 0.000000 0.053727 0.019623 -1
0 -10.000000 4.000000 0.000000 0.053727 0.445992 -1
1
0.000000 0.000000 1.000000
34
0 0 1 2 0 0 0 1
0 3 4 5 0 0 0 1
0 6 7 8 0 0 0 1
0 9 10 11 0 0 0 1
0 12 13 14 0 0 0 1
0 15 16 17 0 0 0 1
0 18 19 20 0 0 0 1
0 21 22 23 0 0 0 1
0 24 25 26 0 0 0 1
0 27 28 29 0 0 0 1
0 30 31 32 0 0 0 1
0 33 34 35 0 0 0 1
0 36 37 38 0 0 0 1
0 39 40 41 0 0 0 1
0 42 43 44 0 0 0 1
0 45 46 47 0 0 0 1
0 48 49 50 0 0 0 1
0 51 52 53 0 0 0 1
0 54 55 56 0 0 0 1
0 57 58 59 0 0 0 1
0 60 61 62 0 0 0 1
0 63 64 65 0 0 0 1
0 66 67 68 0 0 0 1
0 69 70 71 0 0 0 1
0 72 73 74 0 0 0 1
0 75 76 77 0 0 0 1
0 78 79 80 0 0 0 1
0 81 82 83 0 0 0 1
0 84 85 86 0 0 0 1
0 87 88 89 0 0 0 1
0 90 91 92 0 0 0 1
0 93 94 95 0 0 0 1
0 96 97 98 0 0 0 1
0 99 100 101 0 0 0 1
"Center" 1 0
69
1 4.000000 -5.000000 0.000000 0.510899 0.001033 -1
1 4.000000 6.000000 0.000000 0.510899 0.001033 -1
1 2.000000 4.000000 0.000000 0.510899 0.001033 -1
1 4.000000 -5.000000 0.000000 0.510899 0.001033 -1
1 2.000000 4.000000 0.000000 0.510899 0.001033 -1
1 0.000000 -9.000000 0.000000 0.510899 0.001033 -1
1 2.000000 4.000000 0.000000 0.510899 0.001033 -1
1 -2.000000 4.000000 0.000000 0.510899 0.001033 -1
1 0.000000 -9.000000 0.000000 0.510899 0.001033 -1
1 -2.000000 4.000000 0.000000 0.510899 0.001033 -1
1 -4.000000 6.000000 0.000000 0.510899 0.001033 -1
1 0.000000 -9.000000 0.000000 0.510899 0.001033 -1
1 -4.000000 -5.000000 0.000000 0.510899 0.001033 -1
1 0.000000 -9.000000 0.000000 0.510899 0.001033 -1
1 -4.000000 6.000000 0.000000 0.510899 0.001033 -1
1 0.000000 -22.000000 0.000000 0.519377 0.001145 -1
1 2.000000 -10.000000 0.000000 0.519378 0.001131 -1
1 -2.000000 -10.000000 0.000000 0.519374 0.001131 -1
1 9.000000 -6.000000 0.000000 0.519385 0.001127 -1
1 2.000000 -10.000000 0.000000 0.519378 0.001131 -1
1 0.000000 -22.000000 0.000000 0.519377 0.001145 -1
1 -2.000000 -10.000000 0.000000 0.519374 0.001131 -1
1 -9.000000 -6.000000 0.000000 0.519368 0.001127 -1
1 0.000000 -22.000000 0.000000 0.519377 0.001145 -1
1 22.000000 5.000000 0.000000 0.519398 0.001114 -1
1 20.000000 5.000000 0.000000 0.519396 0.001114 -1
1 23.000000 4.000000 0.000000 0.519399 0.001115 -1
1 23.000000 1.000000 0.000000 0.519399 0.001119 -1
1 23.000000 4.000000 0.000000 0.519399 0.001115 -1
1 20.000000 5.000000 0.000000 0.519396 0.001114 -1
1 -22.000000 5.000000 0.000000 0.519355 0.001114 -1
1 -23.000000 4.000000 0.000000 0.519354 0.001115 -1
1 -20.000000 5.000000 0.000000 0.519356 0.001114 -1
1 -23.000000 4.000000 0.000000 0.519354 0.001115 -1
1 -23.000000 2.000000 0.000000 0.519354 0.001118 -1
1 -20.000000 5.000000 0.000000 0.519356 0.001114 -1
1 -9.000000 -6.000000 0.000000 0.519368 0.001127 -1
1 -20.000000 5.000000 0.000000 0.519356 0.001114 -1
1 0.000000 -22.000000 0.000000 0.519377 0.001145 -1
1 -23.000000 2.000000 0.000000 0.519354 0.001118 -1
1 0.000000 -22.000000 0.000000 0.519377 0.001145 -1
1 -20.000000 5.000000 0.000000 0.519356 0.001114 -1
1 9.000000 -6.000000 0.000000 0.519385 0.001127 -1
1 0.000000 -22.000000 0.000000 0.519377 0.001145 -1
1 20.000000 5.000000 0.000000 0.519396 0.001114 -1
1 23.000000 1.000000 0.000000 0.519399 0.001119 -1
1 20.000000 5.000000 0.000000 0.519396 0.001114 -1
1 0.000000 -22.000000 0.000000 0.519377 0.001145 -1
1 4.000000 9.000000 0.000000 0.503118 0.001033 -1
1 4.000000 20.000000 0.000000 0.503118 0.001033 -1
1 2.000000 18.000000 0.000000 0.503118 0.001033 -1
1 4.000000 9.000000 0.000000 0.503118 0.001033 -1
1 2.000000 18.000000 0.000000 0.503118 0.001033 -1
1 0.000000 5.000000 0.000000 0.503118 0.001033 -1
1 2.000000 18.000000 0.000000 0.503118 0.001033 -1
1 -2.000000 18.000000 0.000000 0.503118 0.001033 -1
1 0.000000 5.000000 0.000000 0.503118 0.001033 -1
1 -2.000000 18.000000 0.000000 0.503118 0.001033 -1
1 -4.000000 20.000000 0.000000 0.503118 0.001033 -1
1 0.000000 5.000000 0.000000 0.503118 0.001033 -1
1 -4.000000 9.000000 0.000000 0.503118 0.001033 -1
1 0.000000 5.000000 0.000000 0.503118 0.001033 -1
1 -4.000000 20.000000 0.000000 0.503118 0.001033 -1
1 9.000000 -6.000000 0.000000 0.519385 0.001127 -1
1 6.000000 -6.000000 0.000000 0.519383 0.001127 -1
1 2.000000 -10.000000 0.000000 0.519378 0.001131 -1
1 -6.000000 -6.000000 0.000000 0.519370 0.001127 -1
1 -9.000000 -6.000000 0.000000 0.519368 0.001127 -1
1 -2.000000 -10.000000 0.000000 0.519374 0.001131 -1
1
0.000000 0.000000 1.000000
23
1 0 1 2 0 0 0 1
1 3 4 5 0 0 0 1
1 6 7 8 0 0 0 1
1 9 10 11 0 0 0 1
1 12 13 14 0 0 0 1
1 15 16 17 0 0 0 1
1 18 19 20 0 0 0 1
1 21 22 23 0 0 0 1
1 24 25 26 0 0 0 1
1 27 28 29 0 0 0 1
1 30 31 32 0 0 0 1
1 33 34 35 0 0 0 1
1 36 37 38 0 0 0 1
1 39 40 41 0 0 0 1
1 42 43 44 0 0 0 1
1 45 46 47 0 0 0 1
1 48 49 50 0 0 0 1
1 51 52 53 0 0 0 1
1 54 55 56 0 0 0 1
1 57 58 59 0 0 0 1
1 60 61 62 0 0 0 1
1 63 64 65 0 0 0 1
1 66 67 68 0 0 0 1

Materials: 2
"Fill"
0.200000 0.200000 0.200000 1.000000
0.800000 0.800000 0.800000 1.000000
0.000000 0.000000 0.000000 1.000000
0.000000 0.000000 0.000000 1.000000
0.000000
1.000000
"textures\Tap Lift2 parts (mipmaps).ini"
""
"Frame"
0.200000 0.200000 0.200000 1.000000
0.800000 0.800000 0.800000 1.000000
0.000000 0.000000 0.000000 1.000000
0.000000 0.000000 0.000000 1.000000
0.000000
1.000000
"textures\Tap Lift parts (mipmaps).ini"
""

Bones: 0
GroupComments: 0
MaterialComments: 0
BoneComments: 0
ModelComment: 0
