// MilkShape 3D ASCII

Frames: 30
Frame: 1

Meshes: 3
"Frame" 1 0
96
1 -0.780201 -23.600708 0.000003 0.114159 0.529557 -1
1 0.000000 -23.600708 0.000003 0.114720 0.529557 -1
1 0.780201 -23.600708 0.000003 0.115280 0.529557 -1
1 0.780201 2.737660 0.000003 0.115280 0.447968 -1
1 -0.780201 2.737660 0.000003 0.114159 0.447968 -1
1 0.000000 -24.432816 0.000003 0.114720 0.532135 -1
1 -1.558967 -24.432816 0.000003 0.113599 0.532135 -1
1 -3.351831 -26.608547 0.000003 0.112311 0.538875 -1
1 0.000000 -26.608547 0.000003 0.114720 0.538875 -1
1 1.558967 -24.432816 0.000003 0.115840 0.532135 -1
1 3.351831 -26.608547 0.000003 0.117128 0.538875 -1
1 -2.758113 -24.432816 0.000003 0.112737 0.532135 -1
1 -4.074846 -25.885532 0.000003 0.111791 0.536635 -1
1 -27.733318 0.542392 0.000003 0.094790 0.454769 -1
1 -29.050053 -0.910325 0.000003 0.093843 0.459269 -1
1 -29.781393 -0.118042 0.000003 0.093318 0.456815 -1
1 -27.733318 5.296091 0.000003 0.094790 0.440043 -1
1 -29.781393 5.245105 0.000003 0.093318 0.440201 -1
1 -29.781393 6.098333 0.000003 0.093318 0.437558 -1
1 -24.899384 8.190971 0.000003 0.096826 0.431076 -1
1 -26.398954 9.511245 0.000003 0.095749 0.426986 -1
1 -25.564009 10.285245 0.000003 0.096349 0.424588 -1
1 -20.438219 8.190971 0.000003 0.100032 0.431076 -1
1 -19.493902 10.285245 0.000003 0.100711 0.424588 -1
1 -18.835699 9.590473 0.000003 0.101184 0.426740 -1
1 -11.773166 -0.432511 0.000003 0.106259 0.457789 -1
1 -10.307818 1.041431 0.000003 0.107312 0.453223 -1
1 -10.323234 -1.860530 0.000003 0.107301 0.462213 -1
1 -8.312900 -1.860530 0.000003 0.108746 0.462213 -1
1 -8.297484 1.041431 0.000003 0.108757 0.453223 -1
1 -10.323234 -2.685825 0.000003 0.107301 0.464769 -1
1 -8.312900 -2.685825 0.000003 0.108746 0.464769 -1
1 -8.297484 3.313932 0.000003 0.108757 0.446183 -1
1 -10.307818 3.313932 0.000003 0.107312 0.446183 -1
1 -10.307818 3.798881 0.000003 0.107312 0.444681 -1
1 -4.280048 7.367635 0.000003 0.111644 0.433626 -1
1 -6.898480 7.193524 0.000003 0.109762 0.434165 -1
1 -7.711652 10.755161 0.000003 0.109178 0.423132 -1
1 -10.302920 10.622456 0.000003 0.107316 0.423543 -1
1 -8.275034 11.310284 0.000003 0.108773 0.421413 -1
1 -10.302920 11.283750 0.000003 0.107316 0.421495 -1
1 -8.275034 28.730354 0.000003 0.108773 0.367450 -1
1 -10.302920 28.703819 0.000003 0.107316 0.367532 -1
1 -10.302920 29.463085 0.000003 0.107316 0.365180 -1
1 -6.144197 30.885685 0.000003 0.110304 0.360774 -1
1 -8.172083 31.618412 0.000003 0.108847 0.358504 -1
1 -6.800510 32.941002 0.000003 0.109833 0.354407 -1
1 -2.923450 30.885685 0.000003 0.112619 0.360774 -1
1 -3.579763 32.941002 0.000003 0.112147 0.354407 -1
1 -2.257175 32.941002 0.000003 0.113097 0.354407 -1
1 -0.785470 28.754166 0.000003 0.114155 0.367376 -1
1 0.003130 30.681919 0.000003 0.114722 0.361405 -1
1 3.358090 -26.608547 0.000003 0.117133 0.538875 -1
1 4.081106 -25.885532 0.000003 0.117652 0.536635 -1
1 2.764371 -24.432816 0.000003 0.116706 0.532135 -1
1 29.056313 -0.910325 0.000003 0.135600 0.459269 -1
1 27.739578 0.542392 0.000003 0.134654 0.454769 -1
1 29.787653 -0.118042 0.000003 0.136126 0.456815 -1
1 29.787653 5.245105 0.000003 0.136126 0.440201 -1
1 27.739578 5.296091 0.000003 0.134654 0.440043 -1
1 29.787653 6.098333 0.000003 0.136126 0.437558 -1
1 26.405212 9.511245 0.000003 0.133695 0.426986 -1
1 24.905643 8.190971 0.000003 0.132618 0.431076 -1
1 25.570267 10.285245 0.000003 0.133095 0.424588 -1
1 19.500160 10.285245 0.000003 0.128733 0.424588 -1
1 20.444477 8.190971 0.000003 0.129412 0.431076 -1
1 18.841957 9.590473 0.000003 0.128260 0.426740 -1
1 10.314077 1.041431 0.000003 0.122132 0.453223 -1
1 11.769693 -0.428475 0.000003 0.123178 0.457776 -1
1 10.329493 -1.860530 0.000003 0.122143 0.462213 -1
1 8.303743 1.041431 0.000003 0.120687 0.453223 -1
1 8.319159 -1.860530 0.000003 0.120698 0.462213 -1
1 8.319159 -2.685825 0.000003 0.120698 0.464769 -1
1 10.329493 -2.685825 0.000003 0.122143 0.464769 -1
1 10.314077 3.313932 0.000003 0.122132 0.446183 -1
1 8.303743 3.313932 0.000003 0.120687 0.446183 -1
1 10.314077 3.798881 0.000003 0.122132 0.444681 -1
1 6.831262 7.315986 0.000003 0.119629 0.433786 -1
1 4.190590 7.424530 0.000003 0.117731 0.433450 -1
1 10.309179 10.732672 0.000003 0.122128 0.423202 -1
1 7.734928 10.850862 0.000003 0.120278 0.422836 -1
1 8.305785 11.408253 0.000003 0.120688 0.421109 -1
1 10.309179 11.393966 0.000003 0.122128 0.421153 -1
1 10.309179 28.703819 0.000003 0.122128 0.367532 -1
1 8.281293 28.730354 0.000003 0.120671 0.367450 -1
1 10.309179 29.463085 0.000003 0.122128 0.365180 -1
1 8.178342 31.618412 0.000003 0.120597 0.358504 -1
1 6.150456 30.885685 0.000003 0.119139 0.360774 -1
1 6.806769 32.941002 0.000003 0.119611 0.354407 -1
1 2.263433 32.941002 0.000003 0.116346 0.354407 -1
1 2.929708 30.885685 0.000003 0.116825 0.360774 -1
1 0.791730 28.754166 0.000003 0.115288 0.367376 -1
1 -0.785470 13.920112 0.000003 0.114155 0.413328 -1
1 0.791730 13.920112 0.000003 0.115288 0.413328 -1
1 -0.785470 12.399544 0.000003 0.114155 0.418039 -1
1 5.818313 8.985375 0.000003 0.118901 0.428615 -1
1
0.000000 0.000000 1.000000
133
1 0 1 2 0 0 0 1
1 0 2 3 0 0 0 1
1 0 3 4 0 0 0 1
1 5 6 7 0 0 0 1
1 5 7 8 0 0 0 1
1 9 5 8 0 0 0 1
1 9 8 10 0 0 0 1
1 2 1 5 0 0 0 1
1 2 5 9 0 0 0 1
1 1 0 6 0 0 0 1
1 1 6 5 0 0 0 1
1 7 6 6 0 0 0 1
1 7 6 7 0 0 0 1
1 7 6 6 0 0 0 1
1 7 6 7 0 0 0 1
1 7 6 11 0 0 0 1
1 7 11 12 0 0 0 1
1 12 11 11 0 0 0 1
1 12 11 12 0 0 0 1
1 12 11 13 0 0 0 1
1 12 13 14 0 0 0 1
1 13 12 12 0 0 0 1
1 6 12 12 0 0 0 1
1 6 12 6 0 0 0 1
1 6 6 6 0 0 0 1
1 7 7 5 0 0 0 1
1 7 5 7 0 0 0 1
1 14 13 15 0 0 0 1
1 15 13 16 0 0 0 1
1 15 16 17 0 0 0 1
1 17 16 18 0 0 0 1
1 18 16 19 0 0 0 1
1 18 19 20 0 0 0 1
1 20 19 21 0 0 0 1
1 21 19 22 0 0 0 1
1 21 22 23 0 0 0 1
1 23 23 24 0 0 0 1
1 23 24 24 0 0 0 1
1 23 22 22 0 0 0 1
1 23 22 23 0 0 0 1
1 23 22 24 0 0 0 1
1 24 22 25 0 0 0 1
1 24 25 26 0 0 0 1
1 26 25 27 0 0 0 1
1 22 26 22 0 0 0 1
1 26 27 28 0 0 0 1
1 26 28 29 0 0 0 1
1 28 27 30 0 0 0 1
1 28 30 31 0 0 0 1
1 26 29 32 0 0 0 1
1 26 32 33 0 0 0 1
1 33 32 34 0 0 0 1
1 34 32 35 0 0 0 1
1 34 35 36 0 0 0 1
1 36 35 37 0 0 0 1
1 36 37 38 0 0 0 1
1 38 37 39 0 0 0 1
1 39 40 38 0 0 0 1
1 40 39 41 0 0 0 1
1 40 41 42 0 0 0 1
1 42 41 43 0 0 0 1
1 43 41 44 0 0 0 1
1 43 44 45 0 0 0 1
1 45 44 46 0 0 0 1
1 46 44 47 0 0 0 1
1 46 47 48 0 0 0 1
1 48 47 49 0 0 0 1
1 49 47 50 0 0 0 1
1 49 50 51 0 0 0 1
1 52 52 9 0 0 0 1
1 52 9 9 0 0 0 1
1 52 52 9 0 0 0 1
1 52 9 9 0 0 0 1
1 52 53 54 0 0 0 1
1 52 54 9 0 0 0 1
1 53 53 54 0 0 0 1
1 53 54 54 0 0 0 1
1 53 55 56 0 0 0 1
1 53 56 54 0 0 0 1
1 56 53 53 0 0 0 1
1 9 9 9 0 0 0 1
1 9 9 53 0 0 0 1
1 9 53 53 0 0 0 1
1 55 57 56 0 0 0 1
1 57 58 59 0 0 0 1
1 57 59 56 0 0 0 1
1 58 60 59 0 0 0 1
1 60 61 62 0 0 0 1
1 60 62 59 0 0 0 1
1 61 63 62 0 0 0 1
1 63 64 65 0 0 0 1
1 63 65 62 0 0 0 1
1 64 66 66 0 0 0 1
1 64 66 64 0 0 0 1
1 64 64 65 0 0 0 1
1 64 65 65 0 0 0 1
1 64 66 65 0 0 0 1
1 66 67 68 0 0 0 1
1 66 68 65 0 0 0 1
1 67 69 68 0 0 0 1
1 65 65 67 0 0 0 1
1 67 70 71 0 0 0 1
1 67 71 69 0 0 0 1
1 71 72 73 0 0 0 1
1 71 73 69 0 0 0 1
1 67 74 75 0 0 0 1
1 67 75 70 0 0 0 1
1 74 76 75 0 0 0 1
1 76 77 78 0 0 0 1
1 76 78 75 0 0 0 1
1 77 79 80 0 0 0 1
1 77 80 78 0 0 0 1
1 79 81 80 0 0 0 1
1 81 79 82 0 0 0 1
1 82 83 84 0 0 0 1
1 82 84 81 0 0 0 1
1 83 85 84 0 0 0 1
1 85 86 87 0 0 0 1
1 85 87 84 0 0 0 1
1 86 88 87 0 0 0 1
1 88 89 90 0 0 0 1
1 88 90 87 0 0 0 1
1 51 50 91 0 0 0 1
1 50 92 93 0 0 0 1
1 50 93 91 0 0 0 1
1 93 92 94 0 0 0 1
1 94 78 95 0 0 0 1
1 94 95 93 0 0 0 1
1 95 78 78 0 0 0 1
1 95 78 77 0 0 0 1
1 78 78 93 0 0 0 1
1 91 89 51 0 0 0 1
1 90 89 91 0 0 0 1
"Arrow" 0 0
119
0 -1.831142 -21.863247 0.000003 0.546052 0.228249 -1
0 -0.780201 -21.863247 0.000003 0.546434 0.228249 -1
0 -0.780201 2.737660 0.000003 0.546434 0.123937 -1
0 -1.831142 2.814435 0.000003 0.546052 0.123613 -1
0 -0.780201 -23.600708 0.000003 0.546434 0.235616 -1
0 -2.090996 -22.170347 0.000003 0.545954 0.229552 -1
0 -1.558967 -24.432816 0.000003 0.546150 0.239145 -1
0 -2.758113 -24.432816 0.000003 0.545711 0.239145 -1
0 -2.833944 -22.144955 0.000003 0.545683 0.229444 -1
0 -3.920368 -23.270561 0.000003 0.545284 0.234217 -1
0 -26.611458 1.590043 0.000003 0.536978 0.128803 -1
0 -27.733318 0.542392 0.000003 0.536567 0.133246 -1
0 -27.733318 1.577082 0.000003 0.536567 0.128858 -1
0 -26.611458 4.169682 0.000003 0.536978 0.117865 -1
0 -27.733318 4.156720 0.000003 0.536567 0.117921 -1
0 -27.733318 5.296091 0.000003 0.536567 0.113089 -1
0 -23.582634 7.218112 0.000003 0.538087 0.104940 -1
0 -24.899384 8.190971 0.000003 0.537605 0.100815 -1
0 -23.600115 8.190971 0.000003 0.538080 0.100815 -1
0 -21.574673 7.218112 0.000003 0.538822 0.104940 -1
0 -21.592154 8.190971 0.000003 0.538815 0.100815 -1
0 -20.438221 8.190971 0.000003 0.539238 0.100815 -1
0 -11.516348 -2.868330 0.000003 0.542504 0.147708 -1
0 -10.891459 -2.346960 0.000003 0.542732 0.145497 -1
0 -10.323234 -1.860530 0.000003 0.542941 0.143435 -1
0 -10.323234 -2.685825 0.000003 0.542941 0.146934 -1
0 -10.967233 -3.419568 0.000003 0.542705 0.150045 -1
0 -10.413173 -3.974101 0.000003 0.542907 0.152397 -1
0 -8.276653 -3.945753 0.000003 0.543690 0.152276 -1
0 -8.312901 -2.685825 0.000003 0.543677 0.146934 -1
0 -8.003817 -6.390741 0.000003 0.543790 0.162643 -1
0 -7.342371 -6.390741 0.000003 0.544032 0.162643 -1
0 -7.664816 -3.945753 0.000003 0.543913 0.152276 -1
0 -7.185881 -3.945753 0.000003 0.544089 0.152276 -1
0 -7.241973 -6.284438 0.000003 0.544068 0.162192 -1
0 -7.206772 -2.685825 0.000003 0.544081 0.146934 -1
0 -7.240966 2.924151 0.000003 0.544069 0.123147 -1
0 -8.297485 3.313932 0.000003 0.543682 0.121494 -1
0 -4.315482 5.841129 0.000003 0.545139 0.110778 -1
0 -5.384305 6.247315 0.000003 0.544749 0.109056 -1
0 -4.280048 7.367635 0.000003 0.545153 0.104306 -1
0 -3.583166 5.841129 0.000003 0.545409 0.110778 -1
0 -1.303251 3.337725 0.000003 0.546242 0.121393 -1
0 -0.785511 3.337725 0.000003 0.546432 0.121393 -1
0 -0.785511 3.554270 0.000003 0.546432 0.120474 -1
0 -1.303251 3.554270 0.000003 0.546242 0.120474 -1
0 -2.335866 7.102603 0.000003 0.545864 0.105430 -1
0 -0.055951 4.815743 0.000003 0.546699 0.115126 -1
0 1.789605 2.966087 0.000003 0.547374 0.122969 -1
0 0.794674 2.737660 0.000003 0.547010 0.123937 -1
0 1.786845 2.737660 0.000003 0.547373 0.123937 -1
0 -3.398319 8.146496 0.000003 0.545476 0.101003 -1
0 -7.251566 11.975754 0.000003 0.544065 0.084766 -1
0 -8.275034 11.310284 0.000003 0.543690 0.087588 -1
0 -8.275034 11.948109 0.000003 0.543690 0.084884 -1
0 -7.251566 28.105558 0.000003 0.544065 0.016374 -1
0 -8.275034 28.117287 0.000003 0.543690 0.016324 -1
0 -8.275034 28.730354 0.000003 0.543690 0.013725 -1
0 -5.598114 29.763815 0.000003 0.544670 0.009343 -1
0 -6.144197 30.885683 0.000003 0.544470 0.004586 -1
0 -5.612676 30.885683 0.000003 0.544665 0.004586 -1
0 -3.580304 29.763815 0.000003 0.545410 0.009343 -1
0 -3.594866 30.885683 0.000003 0.545404 0.004586 -1
0 -2.923450 30.885683 0.000003 0.545649 0.004586 -1
0 -1.796671 28.004362 0.000003 0.546062 0.016803 -1
0 -0.785470 28.754166 0.000003 0.546432 0.013624 -1
0 -0.785470 28.010036 0.000003 0.546432 0.016779 -1
0 -1.796671 12.393869 0.000003 0.546062 0.082994 -1
0 -0.785470 12.399544 0.000003 0.546432 0.082970 -1
0 -1.796671 11.186255 0.000003 0.546062 0.088114 -1
0 6.153642 3.215051 0.000003 0.548974 0.121914 -1
0 7.064434 3.225119 0.000003 0.549305 0.121870 -1
0 8.303744 3.313932 0.000003 0.549759 0.121494 -1
0 7.240033 3.058970 0.000003 0.549370 0.122575 -1
0 7.245604 -6.308505 0.000003 0.549372 0.162295 -1
0 8.319159 -2.685825 0.000003 0.549765 0.146934 -1
0 7.394430 -6.436069 0.000003 0.549427 0.162836 -1
0 7.996820 -6.436069 0.000003 0.549647 0.162836 -1
0 10.362928 -1.823224 0.000003 0.550514 0.143276 -1
0 10.350682 -2.692712 0.000003 0.550509 0.146963 -1
0 11.725621 -2.705298 0.000003 0.551013 0.147017 -1
0 0.780201 -23.600708 0.000003 0.547004 0.235616 -1
0 1.789381 -21.857319 0.000003 0.547374 0.228225 -1
0 1.558967 -24.432816 0.000003 0.547289 0.239145 -1
0 2.087032 -22.171978 0.000003 0.547484 0.229558 -1
0 2.313608 -24.432816 0.000003 0.547568 0.239145 -1
0 2.835414 -22.171978 0.000003 0.547756 0.229558 -1
0 2.764371 -24.432816 0.000003 0.547730 0.239145 -1
0 3.876867 -23.319567 0.000003 0.548138 0.234425 -1
0 27.739580 0.542392 0.000003 0.556874 0.133246 -1
0 26.568199 1.560053 0.000003 0.556445 0.128931 -1
0 27.739580 1.552283 0.000003 0.556874 0.128963 -1
0 27.739580 5.296091 0.000003 0.556874 0.113089 -1
0 26.568199 4.166580 0.000003 0.556445 0.117878 -1
0 24.905642 8.190971 0.000003 0.555837 0.100815 -1
0 23.566929 7.199264 0.000003 0.555347 0.105020 -1
0 23.566929 8.190972 0.000003 0.555347 0.100815 -1
0 20.444477 8.190972 0.000003 0.554203 0.100815 -1
0 21.544785 7.199264 0.000003 0.554607 0.105020 -1
0 5.818313 8.985375 0.000003 0.548850 0.097446 -1
0 8.305785 11.408253 0.000003 0.549759 0.087173 -1
0 7.215070 11.886301 0.000003 0.549361 0.085146 -1
0 5.023685 9.767321 0.000003 0.548559 0.094131 -1
0 8.305785 11.892281 0.000003 0.549759 0.085121 -1
0 8.281293 27.972712 0.000003 0.549751 0.016937 -1
0 7.232312 27.960983 0.000003 0.549367 0.016987 -1
0 8.281293 28.730354 0.000003 0.549751 0.013725 -1
0 6.150456 30.885683 0.000003 0.548972 0.004586 -1
0 5.437041 29.744129 0.000003 0.548710 0.009426 -1
0 5.618935 30.885683 0.000003 0.548777 0.004586 -1
0 3.601126 30.885683 0.000003 0.548037 0.004586 -1
0 3.503969 29.763815 0.000003 0.548003 0.009343 -1
0 2.929708 30.885683 0.000003 0.547795 0.004586 -1
0 0.788407 28.754166 0.000003 0.547008 0.013624 -1
0 1.822958 28.004362 0.000003 0.547386 0.016803 -1
0 0.791154 28.010036 0.000003 0.547009 0.016779 -1
0 0.791730 13.920113 0.000003 0.547009 0.076522 -1
0 1.842304 13.914438 0.000003 0.547393 0.076546 -1
0 1.822618 12.908606 0.000003 0.547386 0.080811 -1
1
0.000000 0.000000 1.000000
128
0 0 1 2 0 0 0 1
0 0 2 3 0 0 0 1
0 1 0 4 0 0 0 1
0 4 0 5 0 0 0 1
0 5 6 4 0 0 0 1
0 6 5 7 0 0 0 1
0 7 5 8 0 0 0 1
0 8 9 7 0 0 0 1
0 9 8 10 0 0 0 1
0 9 10 11 0 0 0 1
0 11 10 12 0 0 0 1
0 12 10 13 0 0 0 1
0 12 13 14 0 0 0 1
0 14 13 15 0 0 0 1
0 15 13 16 0 0 0 1
0 15 16 17 0 0 0 1
0 17 16 18 0 0 0 1
0 18 16 19 0 0 0 1
0 18 19 20 0 0 0 1
0 20 19 21 0 0 0 1
0 21 19 22 0 0 0 1
0 21 22 23 0 0 0 1
0 21 23 24 0 0 0 1
0 24 23 25 0 0 0 1
0 25 26 27 0 0 0 1
0 25 23 26 0 0 0 1
0 23 22 26 0 0 0 1
0 25 27 28 0 0 0 1
0 25 28 29 0 0 0 1
0 28 27 30 0 0 0 1
0 28 30 31 0 0 0 1
0 28 31 32 0 0 0 1
0 31 33 32 0 0 0 1
0 33 31 34 0 0 0 1
0 28 32 29 0 0 0 1
0 32 33 29 0 0 0 1
0 29 33 35 0 0 0 1
0 29 35 36 0 0 0 1
0 29 36 37 0 0 0 1
0 37 36 38 0 0 0 1
0 37 38 39 0 0 0 1
0 38 40 39 0 0 0 1
0 40 38 41 0 0 0 1
0 3 2 42 0 0 0 1
0 42 2 43 0 0 0 1
0 42 43 44 0 0 0 1
0 42 44 45 0 0 0 1
0 41 46 40 0 0 0 1
0 46 41 45 0 0 0 1
0 46 45 47 0 0 0 1
0 44 47 45 0 0 0 1
0 47 44 48 0 0 0 1
0 44 43 48 0 0 0 1
0 43 2 48 0 0 0 1
0 48 2 49 0 0 0 1
0 49 50 48 0 0 0 1
0 46 51 40 0 0 0 1
0 40 51 52 0 0 0 1
0 40 52 53 0 0 0 1
0 52 54 53 0 0 0 1
0 54 52 55 0 0 0 1
0 54 55 56 0 0 0 1
0 56 55 57 0 0 0 1
0 57 55 58 0 0 0 1
0 57 58 59 0 0 0 1
0 59 58 60 0 0 0 1
0 60 58 61 0 0 0 1
0 60 61 62 0 0 0 1
0 62 61 63 0 0 0 1
0 63 61 64 0 0 0 1
0 63 64 65 0 0 0 1
0 65 64 66 0 0 0 1
0 66 64 67 0 0 0 1
0 66 67 68 0 0 0 1
0 68 67 69 0 0 0 1
0 68 69 70 0 0 0 1
0 68 70 71 0 0 0 1
0 68 71 72 0 0 0 1
0 71 73 72 0 0 0 1
0 72 73 74 0 0 0 1
0 72 74 75 0 0 0 1
0 74 76 75 0 0 0 1
0 76 77 75 0 0 0 1
0 78 79 80 0 0 0 1
0 78 80 80 0 0 0 1
0 50 49 81 0 0 0 1
0 50 81 82 0 0 0 1
0 82 81 83 0 0 0 1
0 83 84 82 0 0 0 1
0 84 83 85 0 0 0 1
0 84 85 86 0 0 0 1
0 86 85 87 0 0 0 1
0 87 88 86 0 0 0 1
0 86 88 89 0 0 0 1
0 86 89 90 0 0 0 1
0 89 91 90 0 0 0 1
0 90 91 92 0 0 0 1
0 90 92 93 0 0 0 1
0 93 92 94 0 0 0 1
0 93 94 95 0 0 0 1
0 94 96 95 0 0 0 1
0 95 96 97 0 0 0 1
0 95 97 98 0 0 0 1
0 98 97 78 0 0 0 1
0 98 78 80 0 0 0 1
0 99 100 101 0 0 0 1
0 99 101 102 0 0 0 1
0 101 100 103 0 0 0 1
0 103 104 105 0 0 0 1
0 103 105 101 0 0 0 1
0 104 106 105 0 0 0 1
0 106 107 108 0 0 0 1
0 106 108 105 0 0 0 1
0 107 109 108 0 0 0 1
0 109 110 111 0 0 0 1
0 109 111 108 0 0 0 1
0 110 112 111 0 0 0 1
0 112 113 114 0 0 0 1
0 112 114 111 0 0 0 1
0 113 115 114 0 0 0 1
0 115 116 117 0 0 0 1
0 115 117 114 0 0 0 1
0 116 118 117 0 0 0 1
0 77 79 75 0 0 0 1
0 77 75 75 0 0 0 1
0 77 75 75 0 0 0 1
0 79 77 80 0 0 0 1
0 79 80 80 0 0 0 1
"Center" 0 0
58
0 -7.251567 11.975754 0.000003 0.503516 0.010938 -1
0 -1.796671 11.950145 0.000003 0.503516 0.010938 -1
0 -1.796671 28.004362 0.000003 0.503516 0.010938 -1
0 -7.251566 28.105558 0.000003 0.503516 0.010938 -1
0 -3.580304 29.763815 0.000003 0.503516 0.010938 -1
0 -5.598114 29.763815 0.000003 0.503516 0.010938 -1
0 7.215070 11.886301 0.000003 0.503516 0.010938 -1
0 7.232313 27.960983 0.000003 0.503516 0.010938 -1
0 1.822958 28.004362 0.000003 0.503516 0.010938 -1
0 1.815277 12.915149 0.000003 0.503516 0.010938 -1
0 3.503969 29.763815 0.000003 0.503516 0.010938 -1
0 5.437041 29.744129 0.000003 0.503516 0.010938 -1
0 -1.858169 2.814436 0.000003 0.510547 0.009375 -1
0 -7.212909 -3.945753 0.000003 0.510547 0.009375 -1
0 -1.855462 -3.892543 0.000003 0.510547 0.009375 -1
0 -7.233800 -2.685825 0.000003 0.510547 0.009375 -1
0 -7.267993 2.924151 0.000003 0.510547 0.009375 -1
0 -4.342510 5.841129 0.000003 0.510547 0.009375 -1
0 -1.330278 3.337725 0.000003 0.510547 0.009375 -1
0 -1.330278 3.554270 0.000003 0.510547 0.009375 -1
0 -3.610193 5.841129 0.000003 0.510547 0.009375 -1
0 1.762578 2.966087 0.000003 0.510547 0.009375 -1
0 1.761165 -3.862417 0.000003 0.510547 0.009375 -1
0 7.217018 -3.810934 0.000003 0.510547 0.009375 -1
0 7.215125 -2.551006 0.000003 0.510547 0.009375 -1
0 7.213006 3.058970 0.000003 0.510547 0.009375 -1
0 7.037407 3.225119 0.000003 0.510547 0.009375 -1
0 6.126615 3.215051 0.000003 0.510547 0.009375 -1
0 -1.823698 11.956748 0.000003 0.510547 0.009375 -1
0 -7.278594 11.975754 0.000003 0.510547 0.009375 -1
0 4.996658 9.767321 0.000003 0.510547 0.009375 -1
0 7.188043 11.886301 0.000003 0.510547 0.009375 -1
0 2.856591 11.887900 0.000003 0.510547 0.009375 -1
0 -26.611458 4.169682 0.000003 0.518750 0.009375 -1
0 -26.611458 1.590043 0.000003 0.518750 0.009375 -1
0 -23.582634 7.218112 0.000003 0.518750 0.009375 -1
0 -21.574673 7.218112 0.000003 0.518750 0.009375 -1
0 -2.833944 -22.144955 0.000003 0.518750 0.009375 -1
0 -8.003817 -6.390741 0.000003 0.518750 0.009375 -1
0 -7.342371 -6.390741 0.000003 0.518750 0.009375 -1
0 -7.241973 -6.284438 0.000003 0.518750 0.009375 -1
0 -2.090996 -22.170347 0.000003 0.518750 0.009375 -1
0 -1.831142 -21.863247 0.000003 0.518750 0.009375 -1
0 -1.831142 -3.895441 0.000003 0.518750 0.009375 -1
0 -7.185882 -3.945753 0.000003 0.518750 0.009375 -1
0 26.568199 4.166580 0.000003 0.518750 0.009375 -1
0 23.566929 7.199264 0.000003 0.518750 0.009375 -1
0 26.568199 1.560053 0.000003 0.518750 0.009375 -1
0 21.544785 7.199264 0.000003 0.518750 0.009375 -1
0 7.996820 -6.436069 0.000003 0.518750 0.009375 -1
0 2.835415 -22.171978 0.000003 0.518750 0.009375 -1
0 7.394430 -6.436069 0.000003 0.518750 0.009375 -1
0 7.245604 -6.308505 0.000003 0.518750 0.009375 -1
0 2.087032 -22.171978 0.000003 0.518750 0.009375 -1
0 1.789381 -21.857319 0.000003 0.518750 0.009375 -1
0 1.789605 -3.859214 0.000003 0.518750 0.009375 -1
0 7.244045 -3.810934 0.000003 0.518750 0.009375 -1
0 2.872458 11.879477 0.000000 0.503516 0.010938 -1
4
0.000000 0.000000 1.000000
-0.000000 -0.000001 1.000000
-0.000000 -0.000002 1.000000
-0.000001 -0.000004 1.000000
48
0 0 1 2 0 0 0 1
0 0 2 3 0 0 0 1
0 2 4 3 0 0 0 1
0 4 5 3 0 0 0 1
0 6 7 8 1 0 0 1
0 6 8 9 1 0 2 1
0 8 7 10 0 0 0 1
0 10 7 11 0 0 0 1
0 12 13 14 0 0 0 1
0 13 12 15 0 0 0 1
0 15 12 16 0 0 0 1
0 16 12 17 0 0 0 1
0 17 12 18 0 0 0 1
0 18 19 17 0 0 0 1
0 19 20 17 0 0 0 1
0 21 22 23 0 0 0 1
0 23 24 21 0 0 0 1
0 24 25 21 0 0 0 1
0 25 26 21 0 0 0 1
0 26 27 21 0 0 0 1
0 21 27 28 0 0 0 1
0 21 28 29 0 0 0 1
0 30 31 32 0 0 0 1
0 33 34 35 0 0 0 1
0 35 34 36 0 0 0 1
0 34 37 38 0 0 0 1
0 34 38 36 0 0 0 1
0 38 37 39 0 0 0 1
0 39 37 40 0 0 0 1
0 40 37 41 0 0 0 1
0 41 42 40 0 0 0 1
0 42 43 40 0 0 0 1
0 43 44 40 0 0 0 1
0 45 46 47 0 0 0 1
0 46 48 47 0 0 0 1
0 47 48 49 0 0 0 1
0 47 49 50 0 0 0 1
0 49 51 50 0 0 0 1
0 51 52 50 0 0 0 1
0 52 53 50 0 0 0 1
0 53 52 54 0 0 0 1
0 54 52 55 0 0 0 1
0 55 52 56 0 0 0 1
0 32 32 32 0 0 0 1
0 57 6 9 3 1 2 1
0 57 57 57 3 3 3 1
0 6 7 8 1 0 0 1
0 9 57 6 2 3 1 1

Materials: 1
"mipmap"
0.200000 0.200000 0.200000 1.000000
0.800000 0.800000 0.800000 1.000000
0.000000 0.000000 0.000000 1.000000
0.000000 0.000000 0.000000 1.000000
0.000000
1.000000
"textures\Tap Note parts (mipmaps).ini"
""

Bones: 0
GroupComments: 0
MaterialComments: 0
BoneComments: 0
ModelComment: 0
