// MilkShape 3D ASCII

Frames: 30
Frame: 1

Meshes: 5
"FRAME" 1 1
24
33 -5.375554 2.474035 0.000000 0.723441 0.417622 -1
33 -5.376225 -1.517228 0.000000 0.723437 0.487656 -1
33 -4.022059 -1.515884 0.000000 0.731868 0.487633 -1
33 -4.282140 2.474707 0.000000 0.730249 0.417612 -1
33 -4.032140 -0.483626 0.000000 0.731805 0.469519 -1
33 -4.032140 1.620540 0.000000 0.731805 0.432599 -1
33 -3.084419 -0.479302 0.000000 0.737706 0.469444 -1
33 -1.687570 -3.893973 0.000000 0.746403 0.529359 -1
33 -1.094640 -2.525293 0.000000 0.750094 0.505344 -1
33 1.092860 -2.525293 0.000000 0.763713 0.505344 -1
33 1.682622 -3.885834 0.000000 0.767385 0.529217 -1
33 3.988694 -1.504460 0.000000 0.781743 0.487432 -1
33 3.028788 -0.510991 0.000000 0.775766 0.470000 -1
33 3.988694 -0.501197 0.000000 0.781743 0.469828 -1
33 5.343929 -1.509267 0.000000 0.790180 0.487517 -1
33 3.991957 1.620540 0.000000 0.781763 0.432599 -1
33 5.351632 2.477997 0.000000 0.790228 0.417553 -1
33 4.238694 2.474707 0.000000 0.783299 0.417612 -1
33 3.021968 1.616629 0.000000 0.775724 0.432667 -1
33 3.030575 3.745326 0.000000 0.775777 0.395316 -1
33 2.349067 2.379326 0.000000 0.771534 0.419285 -1
33 -3.073806 3.745540 0.000000 0.737772 0.395312 -1
33 -2.329328 2.376063 0.000000 0.742407 0.419342 -1
33 -3.046684 1.615037 0.000000 0.737941 0.432695 -1
1
0.000000 0.000000 1.000000
24
1 0 1 2 0 0 0 1
1 2 3 0 0 0 0 1
1 4 5 3 0 0 0 1
1 3 2 4 0 0 0 1
1 6 4 2 0 0 0 1
1 2 7 6 0 0 0 1
1 7 8 6 0 0 0 1
1 9 8 7 0 0 0 1
1 7 10 9 0 0 0 1
1 11 9 10 0 0 0 1
1 9 11 12 0 0 0 1
1 12 11 13 0 0 0 1
1 13 11 14 0 0 0 1
1 15 13 14 0 0 0 1
1 15 14 16 0 0 0 1
1 17 15 16 0 0 0 1
1 18 15 17 0 0 0 1
1 17 19 20 0 0 0 1
1 18 17 20 0 0 0 1
1 21 20 19 0 0 0 1
1 21 22 20 0 0 0 1
1 3 5 23 0 0 0 1
1 22 21 3 0 0 0 1
1 23 22 3 0 0 0 1
"ARROW" 0 0
20
32 -4.028586 1.606470 0.000000 0.000781 0.083371 -1
32 -4.034053 -0.514742 0.000000 0.000781 0.293759 -1
32 -3.043738 -0.514117 0.000000 0.000781 0.293698 -1
32 -3.089192 1.607095 0.000000 0.000781 0.083310 -1
32 -1.383565 1.103848 0.000000 0.000781 0.133224 -1
32 -2.331616 2.394974 0.000000 0.000781 0.005166 -1
32 -1.380318 0.249952 0.000000 0.000781 0.217915 -1
32 -1.105516 -2.526924 0.000000 0.000781 0.493335 -1
32 -0.774534 -1.237866 0.000000 0.000781 0.365482 -1
32 -0.769953 0.246982 0.000000 0.000781 0.218210 -1
32 0.759293 -1.241390 0.000000 0.000781 0.365831 -1
32 1.089109 -2.531975 0.000000 0.000781 0.493837 -1
32 0.753108 0.243458 0.000000 0.000781 0.218559 -1
32 1.351284 0.243458 0.000000 0.000781 0.218559 -1
32 3.032020 -0.514117 0.000000 0.000781 0.293698 -1
32 1.356695 1.107095 0.000000 0.000781 0.132901 -1
32 2.350202 2.394974 0.000000 0.000781 0.005166 -1
32 3.016868 1.622246 0.000000 0.000781 0.081807 -1
32 3.997136 -0.510594 0.000000 0.000781 0.293349 -1
32 4.001717 1.628824 0.000000 0.000781 0.081154 -1
1
0.000000 0.000000 1.000000
20
0 0 1 2 0 0 0 1
0 0 2 3 0 0 0 1
0 4 5 3 0 0 0 1
0 6 4 3 0 0 0 1
0 7 3 2 0 0 0 1
0 3 7 8 0 0 0 1
0 8 6 3 0 0 0 1
0 8 9 6 0 0 0 1
0 10 8 7 0 0 0 1
0 7 11 10 0 0 0 1
0 12 10 13 0 0 0 1
0 13 10 11 0 0 0 1
0 11 14 13 0 0 0 1
0 14 15 13 0 0 0 1
0 4 16 5 0 0 0 1
0 16 4 15 0 0 0 1
0 15 17 16 0 0 0 1
0 14 17 15 0 0 0 1
0 18 17 14 0 0 0 1
0 18 19 17 0 0 0 1
"CENTER 1" 0 1
4
32 -1.379293 1.114051 0.000000 0.059375 0.006249 -1
32 -1.379293 0.249781 0.000000 0.059375 0.006249 -1
32 1.354226 0.249589 0.000000 0.059375 0.006249 -1
32 1.354226 1.114051 0.000000 0.059375 0.006249 -1
1
0.000000 0.000000 1.000000
2
0 0 1 2 0 0 0 1
0 0 2 3 0 0 0 1
"CENTER 2" 0 1
4
32 -0.773533 0.254205 0.000000 0.182813 0.007813 -1
32 -0.770959 -0.515172 0.000000 0.182813 0.007813 -1
32 0.753268 -0.515172 0.000000 0.182813 0.007813 -1
32 0.750317 0.254205 0.000000 0.182813 0.007813 -1
1
0.000000 0.000000 1.000000
2
0 0 1 2 0 0 0 1
0 0 2 3 0 0 0 1
"CENTER 3" 0 1
4
32 -0.772931 -0.526000 0.000000 0.312109 0.009375 -1
32 -0.771954 -1.235621 0.000000 0.312109 0.009375 -1
32 0.745478 -1.235621 0.000000 0.312109 0.009375 -1
32 0.751002 -0.520766 0.000000 0.312109 0.009375 -1
1
0.000000 0.000000 1.000000
2
0 0 1 2 0 0 0 1
0 0 2 3 0 0 0 1

Materials: 2
"colours"
0.200000 0.200000 0.200000 1.000000
0.800000 0.800000 0.800000 1.000000
0.000000 0.000000 0.000000 1.000000
0.000000 0.000000 0.000000 1.000000
128.000000
1.000000
"textures\colours.ini"
""
"frame"
0.200000 0.200000 0.200000 1.000000
0.800000 0.800000 0.800000 1.000000
0.000000 0.000000 0.000000 1.000000
0.000000 0.000000 0.000000 1.000000
128.000000
1.000000
"textures\frame.ini"
""

Bones: 0
GroupComments: 0
MaterialComments: 0
BoneComments: 0
ModelComment: 0
